5	1177
7	1475
7	2788
9	435
11	449
15	640
15	1728
15	2046
15	2237
16	1839
18	69
18	1894
18	2416
19	1260
20	274
20	763
20	870
20	1249
20	2054
20	2059
20	2068
20	2316
21	397
22	1690
27	2090
28	680
30	69
30	599
30	2046
30	2059
30	2786
30	2833
32	2011
33	555
36	843
36	1683
36	2059
36	2193
36	2510
38	278
38	2116
38	2752
41	992
43	2332
44	2469
50	992
51	213
53	1740
53	2532
54	337
54	2752
56	1683
56	2316
56	2401
56	2446
58	746
58	1119
58	1351
58	1683
58	1931
58	2003
58	2059
58	2193
58	2401
59	313
59	606
59	2619
60	451
60	1577
60	2059
60	2458
60	2651
61	1119
61	1831
64	341
64	1314
64	1819
66	94
67	1472
68	760
69	18
69	30
69	90
69	157
69	212
69	215
69	230
69	232
69	288
69	443
69	466
69	625
69	681
69	712
69	747
69	930
69	969
69	971
69	991
69	1072
69	1184
69	1259
69	1278
69	1299
69	1371
69	1390
69	1477
69	1578
69	1594
69	1627
69	1666
69	1673
69	1764
69	2019
69	2029
69	2032
69	2036
69	2059
69	2097
69	2211
69	2237
69	2278
69	2334
69	2416
69	2421
69	2472
69	2475
69	2532
69	2565
69	2604
69	2786
69	2835
70	2381
71	73
71	114
71	179
71	185
71	232
71	239
71	533
71	637
71	866
71	1057
71	1118
71	1156
71	1243
71	1335
71	1369
71	1375
71	1430
71	1447
71	1525
71	1575
71	1584
71	1658
71	1712
71	1817
71	1818
71	1943
71	2003
71	2244
71	2333
71	2354
71	2368
71	2480
71	2498
71	2694
73	71
74	1417
74	2394
76	1960
76	2056
80	1365
84	2580
85	255
85	1011
85	1256
85	1259
85	1493
85	1683
85	1866
85	2050
85	2618
85	2677
88	169
88	2721
89	2088
90	69
90	712
90	1638
90	2036
90	2097
90	2416
91	973
91	1205
91	1472
91	2056
92	843
92	2510
93	2235
94	66
97	1369
98	1690
98	2236
100	592
104	2609
106	2210
108	1112
109	179
112	451
112	2421
114	71
114	2694
115	1809
117	712
117	2036
117	2416
119	974
120	179
120	791
122	1881
123	2362
126	273
126	695
126	778
126	1696
126	1920
126	2212
126	2274
127	641
127	1153
127	1234
127	1994
127	2062
130	992
133	1960
136	2059
137	149
137	2210
137	2354
138	2677
139	235
139	339
139	519
139	640
139	668
139	697
139	746
139	1259
139	1472
139	1683
139	1694
139	1931
139	2052
139	2087
139	2137
139	2237
139	2287
139	2400
139	2402
139	2566
139	2755
141	169
144	1955
144	2421
146	244
146	897
148	1618
149	137
149	213
149	297
149	513
149	723
149	1255
149	1402
149	1414
149	1508
149	1575
149	1608
149	1626
149	1665
149	1926
149	2347
149	2376
149	2400
149	2513
149	2641
150	2632
151	2826
152	992
154	2795
157	69
157	2003
157	2786
158	786
158	929
160	2416
160	2681
162	1223
164	2421
165	1223
168	1898
169	88
169	141
169	213
169	450
169	571
169	1255
169	1262
169	1386
169	1414
169	1575
169	1608
169	1841
169	1878
169	1894
169	2376
169	2480
169	2499
169	2532
169	2680
173	1228
175	294
176	1228
179	71
179	109
179	120
179	314
179	315
179	580
179	582
179	601
179	619
179	778
179	791
179	841
179	844
179	868
179	895
179	940
179	971
179	973
179	986
179	1084
179	1095
179	1103
179	1104
179	1105
179	1110
179	1138
179	1222
179	1353
179	1430
179	1642
179	1696
179	1742
179	1802
179	1955
179	2000
179	2034
179	2113
179	2166
179	2172
179	2263
179	2287
179	2307
179	2319
179	2402
179	2404
179	2421
179	2476
179	2651
179	2692
179	2693
179	2784
180	193
180	1104
180	2228
180	2358
183	1209
185	71
189	1223
193	180
193	277
193	325
193	441
193	504
193	518
193	519
193	662
193	779
193	895
193	1104
193	1120
193	1121
193	1144
193	1294
193	1504
193	1805
193	2121
193	2308
193	2421
193	2786
193	2789
194	746
199	2006
200	1223
200	2838
203	304
205	2510
206	463
212	69
212	443
212	2416
212	2421
213	51
213	149
213	169
213	273
213	1119
213	1584
213	1688
213	2695
215	69
215	1609
215	1843
215	1930
215	1934
215	2372
215	2502
220	274
220	555
220	590
220	1125
220	1781
220	2002
220	2630
220	2786
222	746
222	787
222	1642
222	2421
224	2508
225	1795
227	2468
230	69
232	69
232	71
232	2059
233	1028
234	651
234	712
234	790
234	2394
235	139
235	712
235	971
235	2416
235	2421
236	1673
236	2003
236	2829
237	746
237	1940
239	71
240	442
240	568
241	1729
241	2066
243	857
244	146
244	308
244	663
244	665
244	1110
244	1621
244	1714
245	778
246	1119
246	1617
246	2677
248	1223
248	1285
253	2347
255	85
255	1799
255	2372
255	2510
255	2786
257	1960
259	1104
259	1406
259	1472
259	2421
260	2683
263	2210
270	448
270	729
270	730
270	890
270	957
270	1047
270	1506
270	2796
271	2003
271	2421
272	820
272	1052
272	1311
272	1612
272	1729
272	2418
272	2700
273	126
273	213
273	778
274	20
274	220
274	590
274	1125
274	2316
274	2786
275	1960
275	2354
275	2735
277	193
277	755
277	1053
277	1450
278	38
278	909
278	1642
278	2116
278	2318
278	2446
282	435
284	1223
286	1519
287	1223
288	69
288	2046
289	688
289	763
289	1119
289	2003
289	2421
290	874
291	683
291	2508
292	1561
292	2421
293	2345
294	175
294	385
297	149
300	1677
302	1598
304	203
304	2144
308	244
308	553
308	1843
308	2059
311	448
313	59
313	454
313	602
313	623
313	733
313	763
313	926
313	940
313	1125
313	1189
313	1223
313	1371
313	1375
313	1516
313	1613
313	1744
313	1843
313	1894
313	1897
313	2041
313	2049
313	2050
313	2131
313	2172
313	2267
313	2301
313	2351
313	2372
313	2387
313	2394
313	2455
313	2566
313	2619
313	2634
313	2677
313	2740
313	2752
313	2829
314	179
315	179
315	1375
315	1690
316	2345
317	2270
321	2354
322	1228
324	1621
325	193
326	1575
326	1894
326	2056
329	1417
331	914
331	1223
331	1636
333	2320
334	1795
337	54
337	691
337	707
337	827
337	885
337	940
337	992
337	1043
337	1075
337	1138
337	1223
337	1323
337	1375
337	1522
337	1690
337	1696
337	1729
337	1802
337	2003
337	2387
337	2523
337	2632
337	2651
337	2677
337	2836
339	139
341	64
341	1819
341	2735
351	924
351	1365
351	1694
351	2316
351	2421
351	2495
353	451
353	2421
357	590
357	746
357	763
357	1561
357	2003
357	2421
358	2210
360	627
361	2318
364	2007
368	1053
369	1375
371	1223
372	739
373	1290
373	1853
373	2190
377	635
381	697
381	1122
381	2355
382	606
382	1375
382	1966
382	2068
382	2116
382	2619
382	2786
385	294
386	1178
393	820
394	2183
397	21
397	590
397	755
397	763
397	1256
397	2193
398	843
398	1472
398	2193
400	1642
401	2700
404	2066
407	1729
409	2418
410	2291
411	1184
411	1683
412	1992
413	1223
413	1636
414	2743
419	2167
420	2193
421	2499
421	2532
429	1690
430	820
431	755
431	1683
431	2421
435	9
435	282
435	1002
435	1200
435	2823
437	641
437	1994
438	1223
439	1915
441	193
441	1209
441	1406
441	1827
441	1955
441	1982
441	2421
442	240
442	1006
442	1223
442	1375
443	69
443	212
443	1764
443	2036
443	2416
443	2421
445	2418
446	1375
448	270
448	311
449	11
449	1906
449	2014
449	2713
450	169
451	60
451	112
451	353
451	513
451	626
451	741
451	746
451	755
451	790
451	843
451	856
451	868
451	883
451	1008
451	1125
451	1237
451	1242
451	1342
451	1351
451	1375
451	1431
451	1440
451	1770
451	1776
451	1817
451	2003
451	2087
451	2131
451	2228
451	2387
451	2415
451	2421
451	2446
451	2510
451	2514
451	2636
451	2651
451	2701
451	2786
452	524
452	634
452	680
452	686
452	1996
452	2127
454	313
454	1294
454	1930
454	2059
455	1800
456	1677
457	1675
459	1445
460	1582
461	1229
461	1412
461	1847
461	2001
461	2154
461	2665
462	841
462	1247
462	2056
462	2415
463	206
463	603
465	1011
466	69
466	590
466	655
466	755
466	1256
466	1683
466	2322
466	2401
466	2833
471	627
471	1184
471	1683
471	2337
478	747
478	2446
482	1683
484	1612
488	2324
488	2326
488	2590
489	1023
491	1223
493	2418
496	857
497	1067
498	2488
499	1223
500	2702
502	1683
504	193
504	691
504	707
504	841
504	844
504	868
504	973
504	1016
504	1129
504	1237
504	1375
504	1410
504	1690
504	1696
504	1805
504	1920
504	2110
504	2173
504	2298
504	2337
504	2402
504	2421
504	2632
506	1932
510	2169
511	857
513	149
513	451
513	1119
513	2056
513	2421
514	820
517	1119
518	193
518	1960
518	1982
518	2052
518	2308
518	2577
519	139
519	193
519	1406
520	1223
520	1630
521	1690
524	452
526	1223
533	71
533	866
535	2295
536	857
539	2179
540	857
541	2056
546	1683
546	2059
547	1598
553	308
553	2041
553	2361
553	2544
555	33
555	220
555	1256
555	1683
555	1716
555	2059
555	2193
555	2401
555	2446
555	2533
560	2723
560	2764
560	2815
561	1223
562	627
562	1683
564	1969
565	2426
567	2239
568	240
569	2717
570	1495
570	1539
570	2746
571	169
573	2735
574	1729
580	179
581	1457
582	179
583	2012
590	220
590	274
590	357
590	397
590	466
590	679
590	746
590	763
590	780
590	870
590	1125
590	1256
590	1257
590	1504
590	1683
590	1773
590	1940
590	2318
590	2446
590	2533
590	2618
592	100
592	767
592	1648
593	1746
594	778
594	2353
595	1209
595	2446
595	2786
598	1223
598	2838
599	30
599	2059
600	2677
601	179
601	1960
602	313
602	843
602	1209
602	1843
602	2059
602	2372
602	2446
602	2510
603	463
605	1955
606	59
606	382
606	1690
606	2049
606	2116
606	2421
606	2619
606	2786
617	1690
618	2587
619	179
620	2302
623	313
623	2059
625	69
625	869
625	1278
625	2786
626	451
626	778
626	1125
626	1209
626	1365
626	1843
626	2372
626	2421
626	2446
627	360
627	471
627	562
627	885
627	1031
627	1184
627	1298
627	1374
627	1683
627	2446
631	1311
633	992
634	452
635	377
637	71
637	1209
638	845
639	2491
640	15
640	139
640	1259
641	127
641	437
641	1347
641	1994
642	1326
642	2450
644	1311
650	2421
651	234
651	1119
651	2059
652	778
652	2059
652	2421
652	2446
652	2752
654	1979
655	466
655	755
655	2401
662	193
663	244
663	1621
665	244
665	2036
665	2416
666	1256
666	2786
668	139
668	2002
668	2446
670	1683
675	1002
676	1989
678	763
678	2786
679	590
679	1683
679	2316
679	2421
680	28
680	452
680	2127
680	2243
681	69
681	746
681	1177
681	1184
681	1641
681	1683
681	1802
681	1895
681	1964
681	2003
681	2177
681	2394
682	1609
682	1940
683	291
683	2508
684	1223
684	1343
685	2345
686	452
688	289
688	746
688	1472
688	2779
689	2677
691	337
691	504
691	2353
692	2446
693	1690
694	1960
695	126
697	139
697	381
697	1356
697	2059
697	2421
697	2677
698	857
699	1223
704	933
705	1223
707	337
707	504
707	778
707	2421
707	2446
712	69
712	90
712	117
712	234
712	235
712	1119
712	1764
712	1804
712	1966
712	2036
712	2416
718	2795
720	1904
722	1575
722	1802
722	2056
722	2532
723	149
729	270
729	2788
730	270
731	2641
733	313
736	2357
739	372
741	451
741	746
741	2315
741	2316
741	2421
746	58
746	139
746	194
746	222
746	237
746	357
746	451
746	590
746	681
746	688
746	741
746	747
746	763
746	778
746	1076
746	1104
746	1130
746	1259
746	1294
746	1319
746	1436
746	1609
746	1649
746	1762
746	1940
746	2075
746	2315
746	2318
746	2394
746	2421
746	2458
747	69
747	478
747	746
747	2298
747	2533
750	2006
753	2421
753	2651
754	1417
754	2786
755	277
755	397
755	431
755	451
755	466
755	655
755	780
755	1085
755	1189
755	1294
755	1683
755	1728
755	1871
755	1961
755	2002
755	2087
755	2143
755	2316
755	2566
755	2588
755	2722
760	68
762	1356
763	20
763	289
763	313
763	357
763	397
763	590
763	678
763	746
763	778
763	780
763	1249
763	1256
763	1294
763	1472
763	1549
763	1770
763	1773
763	1805
763	1930
763	1961
763	2003
763	2050
763	2068
763	2075
763	2193
763	2421
763	2495
763	2816
764	983
765	1790
766	2469
767	592
775	2017
778	126
778	179
778	245
778	273
778	594
778	626
778	652
778	707
778	746
778	763
778	787
778	1016
778	1043
778	1119
778	1222
778	1237
778	1365
778	1375
778	1446
778	1504
778	1561
778	1624
778	1696
778	1728
778	1752
778	1802
778	1912
778	1920
778	2003
778	2056
778	2162
778	2211
778	2212
778	2307
778	2351
778	2402
778	2416
778	2458
778	2588
778	2651
778	2678
779	193
779	1090
779	1960
779	2052
779	2067
779	2577
779	2735
780	590
780	755
780	763
780	926
780	1077
780	1085
780	1256
780	1353
780	1464
780	1683
780	1806
780	1821
780	1940
780	2088
780	2321
780	2421
780	2443
785	2757
786	158
787	222
787	778
787	2699
790	234
790	451
790	1690
791	120
791	179
791	2034
791	2054
791	2263
793	1643
804	1972
805	1729
808	1223
809	1184
809	1683
809	2510
810	857
810	1193
810	1414
815	1462
817	1989
819	2677
820	272
820	393
820	430
820	514
820	2418
822	1682
822	1753
822	1863
822	2791
823	1223
823	2003
823	2354
827	337
828	1802
831	2550
832	992
838	1026
840	1228
840	1729
841	179
841	462
841	504
841	1125
841	2056
841	2421
841	2446
841	2699
842	1184
842	2056
843	36
843	92
843	398
843	451
843	602
843	868
843	896
843	1119
843	1237
843	1242
843	1413
843	1511
843	1683
843	1817
843	1856
843	1929
843	2003
843	2059
843	2232
843	2439
843	2472
843	2510
843	2674
844	179
844	504
844	1690
845	638
846	2418
850	992
852	1209
856	451
856	2421
857	243
857	496
857	511
857	536
857	540
857	698
857	810
857	906
857	966
857	1215
857	1373
857	1482
857	1556
857	1926
857	1960
857	2198
857	2352
857	2480
857	2503
857	2540
857	2556
857	2564
857	2595
859	2059
860	2003
860	2035
860	2116
862	2391
864	1700
866	71
866	533
866	2421
868	179
868	451
868	504
868	843
868	1209
868	1356
868	1856
868	2514
868	2651
869	625
869	2046
869	2786
870	20
870	590
870	1683
870	2003
870	2193
870	2421
870	2533
873	2709
874	290
877	992
880	1960
883	451
883	1955
883	2421
885	337
885	627
885	1184
885	2003
885	2046
885	2421
886	1177
887	1683
887	2193
889	912
889	1079
889	1223
889	1250
889	1394
889	1589
889	2233
890	270
890	2788
892	2426
895	179
895	193
895	1375
895	2003
896	843
897	146
897	1110
897	1578
897	2416
897	2547
897	2681
905	2056
905	2651
906	857
906	2513
908	2056
908	2116
908	2421
909	278
909	1084
912	889
912	1223
914	331
914	1223
914	1633
918	2675
919	1341
920	2058
922	2532
924	351
924	2316
925	1081
925	2525
926	313
926	780
926	1077
926	2488
929	158
929	1729
929	2052
929	2306
930	69
930	1683
930	2337
931	1223
933	704
940	179
940	313
940	337
940	1455
940	1690
940	2400
940	2421
940	2470
940	2786
941	2735
941	2786
944	951
945	1690
949	2002
951	944
951	1223
951	1675
956	2786
957	270
960	2596
963	1184
963	2668
964	1969
966	857
969	69
969	2709
970	1285
971	69
971	179
971	235
971	1119
971	1742
971	2097
971	2416
972	1178
973	91
973	179
973	504
973	1802
973	2059
973	2651
974	119
974	1990
976	2480
977	1177
980	1849
983	764
984	2727
986	179
986	1609
986	2421
986	2752
988	1960
989	1209
989	2469
990	1799
991	69
991	2059
992	41
992	50
992	130
992	152
992	337
992	633
992	832
992	850
992	877
992	1100
992	1141
992	1210
992	1223
992	1376
992	1422
992	1601
992	1660
992	1723
992	1954
992	1989
992	2026
992	2153
992	2272
992	2608
992	2659
993	2677
995	2532
997	2201
1002	435
1002	675
1002	1270
1002	1445
1002	2530
1006	442
1006	2149
1008	451
1011	85
1011	465
1011	1119
1011	1196
1011	1673
1011	1683
1011	1708
1011	1931
1011	2059
1011	2193
1011	2510
1016	504
1016	778
1019	1223
1022	1874
1023	489
1024	2003
1026	838
1028	233
1028	1976
1029	2210
1030	2036
1030	2193
1030	2416
1031	627
1031	1683
1032	1040
1034	2293
1035	1119
1035	1483
1035	1562
1035	1623
1035	1729
1035	1781
1037	2664
1040	1032
1040	1532
1040	2453
1041	2210
1042	1729
1043	337
1043	778
1043	1690
1043	2003
1044	2036
1046	1867
1047	270
1051	2353
1052	272
1052	1311
1052	2418
1053	277
1053	368
1053	1070
1053	1085
1053	1256
1053	1275
1053	2121
1053	2316
1053	2358
1055	1192
1056	2619
1057	71
1062	2008
1067	497
1068	1729
1069	2046
1070	1053
1072	69
1072	2421
1074	1075
1075	337
1075	1074
1075	2116
1076	746
1077	780
1077	926
1077	2488
1079	889
1080	2381
1081	925
1082	2242
1083	1729
1084	179
1084	909
1084	2102
1085	755
1085	780
1085	1053
1085	2421
1086	2829
1088	1223
1090	779
1095	179
1098	1861
1099	1223
1100	992
1103	179
1104	179
1104	180
1104	193
1104	259
1104	746
1104	1121
1104	1294
1104	1472
1104	2421
1105	179
1106	1729
1107	1223
1108	1825
1110	179
1110	244
1110	897
1110	2547
1112	108
1112	1311
1112	1866
1116	2469
1118	71
1119	58
1119	61
1119	213
1119	246
1119	289
1119	513
1119	517
1119	651
1119	712
1119	778
1119	843
1119	971
1119	1011
1119	1035
1119	1223
1119	1351
1119	1640
1119	1673
1119	1683
1119	1694
1119	1708
1119	1741
1119	1742
1119	1912
1119	1929
1119	2059
1119	2097
1119	2347
1119	2404
1119	2476
1119	2510
1119	2513
1119	2674
1119	2680
1120	193
1120	1375
1120	2632
1121	193
1121	1104
1121	1406
1121	1781
1122	381
1122	2193
1122	2458
1124	1295
1125	220
1125	274
1125	313
1125	451
1125	590
1125	626
1125	841
1125	1940
1125	2143
1125	2315
1125	2421
1125	2786
1129	504
1129	1259
1129	2137
1129	2402
1129	2421
1130	746
1130	1690
1131	2469
1138	179
1138	337
1138	1375
1138	1511
1138	1752
1138	2003
1138	2116
1138	2387
1138	2752
1139	2677
1141	992
1144	193
1144	1406
1144	1960
1144	2003
1144	2052
1148	2702
1149	1223
1153	127
1153	1994
1156	71
1157	2421
1163	1507
1165	1690
1166	1989
1168	1223
1177	5
1177	681
1177	886
1177	977
1177	1311
1177	1500
1177	1579
1177	2076
1177	2677
1177	2755
1177	2786
1178	386
1178	972
1182	2757
1184	69
1184	411
1184	471
1184	627
1184	681
1184	809
1184	842
1184	885
1184	963
1184	1298
1184	1502
1184	1584
1184	1641
1184	1665
1184	1683
1184	1831
1184	1891
1184	1910
1184	1964
1184	2007
1184	2056
1184	2330
1184	2729
1184	2748
1184	2802
1186	2003
1188	2162
1189	313
1189	755
1189	1375
1189	2421
1192	1055
1192	1215
1192	1302
1192	1311
1192	1450
1192	1493
1192	1687
1192	2338
1192	2444
1192	2694
1193	810
1193	2499
1196	1011
1196	1673
1196	1931
1196	2833
1198	2446
1200	435
1204	2027
1205	91
1205	2076
1205	2116
1206	2178
1209	183
1209	441
1209	595
1209	602
1209	626
1209	637
1209	852
1209	868
1209	989
1209	1322
1209	2059
1209	2439
1209	2469
1209	2510
1210	992
1212	2136
1214	2365
1215	857
1215	1192
1215	2503
1217	1511
1218	1223
1219	1675
1221	2601
1222	179
1222	778
1222	1940
1222	2162
1222	2421
1222	2699
1223	162
1223	165
1223	189
1223	200
1223	248
1223	284
1223	287
1223	313
1223	331
1223	337
1223	371
1223	413
1223	438
1223	442
1223	491
1223	499
1223	520
1223	526
1223	561
1223	598
1223	684
1223	699
1223	705
1223	808
1223	823
1223	889
1223	912
1223	914
1223	931
1223	951
1223	992
1223	1019
1223	1088
1223	1099
1223	1107
1223	1119
1223	1149
1223	1168
1223	1218
1223	1250
1223	1258
1223	1261
1223	1285
1223	1306
1223	1343
1223	1394
1223	1453
1223	1455
1223	1466
1223	1468
1223	1560
1223	1606
1223	1633
1223	1679
1223	1717
1223	1828
1223	1844
1223	1877
1223	1893
1223	1899
1223	2003
1223	2037
1223	2233
1223	2387
1223	2442
1223	2467
1223	2504
1223	2520
1223	2558
1223	2574
1223	2616
1223	2640
1223	2641
1223	2804
1223	2838
1225	2345
1228	173
1228	176
1228	322
1228	840
1228	1311
1228	2132
1228	2258
1228	2418
1229	461
1233	2647
1234	127
1234	1994
1236	1690
1237	451
1237	504
1237	778
1237	843
1237	1642
1237	2353
1237	2786
1239	1790
1241	1401
1242	451
1242	843
1242	2735
1243	71
1243	1447
1246	2059
1247	462
1247	2056
1248	2704
1249	20
1249	763
1249	1256
1249	2068
1249	2316
1249	2786
1250	889
1250	1223
1250	1636
1253	2206
1254	1375
1255	149
1255	169
1255	1831
1256	85
1256	397
1256	466
1256	555
1256	590
1256	666
1256	763
1256	780
1256	1053
1256	1249
1256	1257
1256	1683
1256	1701
1256	1961
1256	2068
1256	2076
1256	2351
1256	2374
1256	2533
1256	2751
1257	590
1257	1256
1257	1683
1257	2421
1258	1223
1259	69
1259	85
1259	139
1259	640
1259	746
1259	1129
1259	1627
1259	1683
1259	2068
1259	2137
1259	2421
1259	2446
1259	2751
1260	19
1261	1223
1262	169
1264	1683
1265	2217
1269	1881
1270	1002
1275	1053
1276	2225
1277	1311
1278	69
1278	625
1278	2632
1283	1406
1285	248
1285	970
1285	1223
1290	373
1292	1850
1294	193
1294	454
1294	746
1294	755
1294	763
1294	1104
1294	2544
1294	2786
1295	1124
1295	2677
1296	2416
1298	627
1298	1184
1298	1683
1299	69
1299	2003
1302	1192
1304	1960
1305	1555
1306	1223
1307	1575
1308	2421
1308	2786
1309	1765
1311	272
1311	631
1311	644
1311	1052
1311	1112
1311	1177
1311	1192
1311	1228
1311	1277
1311	1477
1311	1511
1311	1612
1311	1729
1311	2187
1311	2294
1311	2432
1311	2682
1314	64
1319	746
1319	2193
1319	2421
1320	2006
1322	1209
1322	2210
1322	2476
1323	337
1326	642
1326	2450
1327	2582
1329	2239
1331	2416
1333	2164
1335	71
1336	1474
1336	1575
1336	2786
1338	2421
1341	919
1342	451
1343	684
1343	1223
1347	641
1348	2821
1351	58
1351	451
1351	1119
1351	1683
1351	2059
1351	2510
1351	2674
1352	2194
1353	179
1353	780
1353	1940
1355	1683
1355	2337
1355	2604
1356	697
1356	762
1356	868
1356	1928
1356	1940
1356	1955
1356	2059
1363	2230
1365	80
1365	351
1365	626
1365	778
1365	2397
1365	2533
1367	2416
1368	1670
1368	2002
1368	2054
1369	71
1369	97
1369	1569
1369	1803
1369	1943
1371	69
1371	313
1373	857
1374	627
1374	1683
1375	71
1375	313
1375	315
1375	337
1375	369
1375	382
1375	442
1375	446
1375	451
1375	504
1375	778
1375	895
1375	1120
1375	1138
1375	1189
1375	1254
1375	1642
1375	1773
1375	1920
1375	2110
1376	992
1378	2241
1378	2572
1381	1799
1381	2677
1383	1531
1385	2547
1386	169
1386	2458
1386	2480
1386	2729
1388	1690
1389	1729
1390	69
1390	1683
1394	889
1394	1223
1397	1775
1400	1530
1401	1241
1402	149
1404	1690
1405	2610
1406	259
1406	441
1406	519
1406	1121
1406	1144
1406	1283
1406	2003
1406	2052
1406	2053
1406	2210
1406	2696
1406	2789
1407	1536
1410	504
1410	2116
1410	2421
1412	461
1412	1847
1413	843
1413	2193
1413	2510
1414	149
1414	169
1414	810
1414	2056
1414	2347
1416	2157
1417	74
1417	329
1417	754
1417	1613
1417	2394
1418	2510
1421	1673
1421	1931
1421	2786
1422	992
1423	2065
1427	1960
1430	71
1430	179
1430	1690
1430	2712
1431	451
1431	2056
1431	2059
1431	2729
1432	2059
1435	2002
1436	746
1436	1683
1436	2059
1436	2421
1436	2510
1438	2677
1440	451
1440	2002
1440	2632
1445	459
1445	1002
1446	778
1447	71
1447	1243
1447	1943
1447	2047
1447	2333
1447	2694
1450	277
1450	1192
1453	1223
1453	2233
1455	940
1455	1223
1455	1466
1455	2804
1457	581
1459	2421
1460	2776
1461	1729
1462	815
1462	2177
1462	2228
1462	2652
1463	1928
1463	2421
1463	2446
1464	780
1466	1223
1466	1455
1468	1223
1469	2473
1472	67
1472	91
1472	139
1472	259
1472	398
1472	688
1472	763
1472	1104
1472	1678
1472	1683
1472	1690
1472	1960
1472	2056
1472	2075
1472	2098
1472	2332
1472	2523
1474	1336
1474	2786
1475	7
1476	1683
1477	69
1477	1311
1477	2046
1477	2833
1482	857
1482	2532
1483	1035
1483	2421
1484	2286
1484	2458
1484	2701
1485	2677
1493	85
1493	1192
1493	2086
1493	2353
1493	2547
1493	2677
1495	570
1496	2587
1500	1177
1501	1675
1502	1184
1502	1921
1502	2056
1502	2824
1504	193
1504	590
1504	778
1504	2035
1504	2458
1506	270
1507	1163
1508	149
1510	1690
1511	843
1511	1138
1511	1217
1511	1311
1511	2132
1511	2316
1511	2421
1511	2677
1511	2699
1513	2677
1515	2267
1516	313
1517	2167
1519	286
1520	2313
1521	2003
1522	337
1524	1729
1525	71
1525	2547
1527	2515
1527	2735
1530	1400
1530	1795
1531	1383
1532	1040
1533	1881
1536	1407
1537	2068
1539	570
1547	1729
1548	2401
1549	763
1549	1594
1549	2046
1549	2394
1549	2421
1549	2755
1551	1690
1555	1305
1556	857
1560	1223
1561	292
1561	357
1561	778
1561	1729
1561	2035
1561	2193
1561	2421
1561	2564
1562	1035
1569	1369
1571	2476
1571	2677
1573	1575
1573	1894
1573	2546
1574	2697
1575	71
1575	149
1575	169
1575	326
1575	722
1575	1307
1575	1336
1575	1573
1575	1665
1575	1878
1575	1894
1575	1984
1575	2347
1575	2421
1575	2455
1575	2480
1575	2499
1575	2663
1577	60
1578	69
1578	897
1578	1843
1578	2372
1579	1177
1582	460
1582	1947
1582	2100
1583	2488
1584	71
1584	213
1584	1184
1584	2119
1584	2480
1589	889
1590	1683
1592	2345
1594	69
1594	1549
1594	2253
1598	302
1598	547
1599	2677
1601	992
1602	2003
1604	2350
1606	1223
1608	149
1608	169
1609	215
1609	682
1609	746
1609	986
1609	1940
1612	272
1612	484
1612	1311
1612	2176
1613	313
1613	1417
1613	1843
1613	1955
1613	2786
1614	1617
1616	1795
1617	246
1617	1614
1617	2205
1617	2590
1618	148
1618	2056
1618	2454
1621	244
1621	324
1621	663
1622	1777
1623	1035
1623	2470
1624	778
1624	2446
1626	149
1627	69
1627	1259
1627	1673
1627	1931
1627	2059
1627	2117
1627	2461
1627	2786
1630	520
1633	914
1633	1223
1636	331
1636	413
1636	1250
1636	1877
1638	90
1638	2036
1638	2097
1638	2416
1640	1119
1640	2059
1641	681
1641	1184
1641	1683
1642	179
1642	222
1642	278
1642	400
1642	1237
1642	1375
1642	2113
1642	2248
1642	2307
1642	2316
1642	2678
1643	793
1647	1969
1648	592
1648	2301
1648	2641
1649	746
1650	2387
1651	2167
1653	2421
1658	71
1660	992
1662	2735
1665	149
1665	1184
1665	1575
1666	69
1666	2816
1670	1368
1670	2002
1670	2303
1670	2347
1670	2372
1670	2458
1672	1802
1673	69
1673	236
1673	1011
1673	1119
1673	1196
1673	1421
1673	1627
1673	1683
1673	1931
1673	2059
1673	2401
1673	2421
1673	2510
1673	2566
1675	457
1675	951
1675	1219
1675	1501
1676	1745
1677	300
1677	456
1678	1472
1679	1223
1680	2532
1681	1881
1682	822
1683	36
1683	56
1683	58
1683	85
1683	139
1683	411
1683	431
1683	466
1683	471
1683	482
1683	502
1683	546
1683	555
1683	562
1683	590
1683	627
1683	670
1683	679
1683	681
1683	755
1683	780
1683	809
1683	843
1683	870
1683	887
1683	930
1683	1011
1683	1031
1683	1119
1683	1184
1683	1256
1683	1257
1683	1259
1683	1264
1683	1298
1683	1351
1683	1355
1683	1374
1683	1390
1683	1436
1683	1472
1683	1476
1683	1590
1683	1641
1683	1673
1683	1701
1683	1716
1683	1724
1683	1773
1683	1867
1683	1895
1683	1964
1683	2052
1683	2059
1683	2193
1683	2337
1683	2374
1683	2510
1683	2523
1683	2566
1683	2833
1687	1192
1688	213
1689	2016
1690	22
1690	98
1690	315
1690	337
1690	429
1690	504
1690	521
1690	606
1690	617
1690	693
1690	790
1690	844
1690	940
1690	945
1690	1043
1690	1130
1690	1165
1690	1236
1690	1388
1690	1404
1690	1430
1690	1472
1690	1510
1690	1551
1690	1748
1690	1822
1690	1843
1690	1920
1690	1925
1690	2052
1690	2173
1690	2228
1690	2387
1690	2405
1690	2409
1690	2455
1690	2481
1690	2523
1690	2600
1690	2766
1690	2797
1691	1746
1694	139
1694	351
1694	1119
1694	2002
1694	2068
1694	2316
1694	2533
1694	2674
1696	126
1696	179
1696	337
1696	504
1696	778
1696	2421
1698	1831
1699	2206
1700	864
1701	1256
1701	1683
1701	2316
1703	2008
1708	1011
1708	1119
1708	2059
1708	2458
1709	2281
1710	1846
1711	1729
1712	71
1714	244
1714	2291
1716	555
1716	1683
1717	1223
1721	1782
1723	992
1724	1683
1725	1945
1726	1940
1726	2415
1726	2421
1726	2446
1728	15
1728	755
1728	778
1729	241
1729	272
1729	337
1729	407
1729	574
1729	805
1729	840
1729	929
1729	1035
1729	1042
1729	1068
1729	1083
1729	1106
1729	1311
1729	1389
1729	1461
1729	1524
1729	1547
1729	1561
1729	1711
1729	1734
1729	1767
1729	1839
1729	1884
1729	1952
1729	2060
1729	2066
1729	2110
1729	2148
1729	2260
1729	2262
1729	2287
1729	2306
1729	2318
1729	2387
1729	2509
1729	2520
1729	2576
1729	2664
1729	2747
1733	2168
1733	2677
1734	1729
1738	2301
1740	53
1741	1119
1742	179
1742	971
1742	1119
1742	2059
1744	313
1744	1843
1744	2798
1745	1676
1746	593
1746	1691
1746	2350
1748	1690
1752	778
1752	1138
1752	2699
1753	822
1756	2056
1762	746
1762	2003
1762	2751
1763	2532
1764	69
1764	443
1764	712
1764	2334
1764	2421
1765	1309
1765	2767
1766	1960
1767	1729
1768	2059
1769	2795
1770	451
1770	763
1770	2193
1770	2421
1773	590
1773	763
1773	1375
1773	1683
1773	2316
1773	2833
1774	2423
1775	1397
1775	1860
1776	451
1777	1622
1781	220
1781	1035
1781	1121
1781	2056
1781	2416
1781	2421
1781	2544
1782	1721
1785	2532
1787	1960
1790	765
1790	1239
1791	2097
1791	2421
1791	2475
1795	225
1795	334
1795	1530
1795	1616
1798	2416
1799	255
1799	990
1799	1381
1799	2103
1799	2372
1799	2510
1799	2677
1800	455
1802	179
1802	337
1802	681
1802	722
1802	778
1802	828
1802	973
1802	1672
1802	2003
1802	2096
1802	2113
1802	2651
1802	2699
1803	1369
1804	712
1804	2097
1805	193
1805	504
1805	763
1805	2068
1805	2193
1805	2495
1806	780
1809	115
1809	2103
1811	1955
1817	71
1817	451
1817	843
1817	2694
1818	71
1819	64
1819	341
1821	780
1821	2488
1822	1690
1823	2677
1825	1108
1827	441
1828	1223
1831	61
1831	1184
1831	1255
1831	1698
1831	2056
1831	2403
1831	2416
1831	2513
1839	16
1839	1729
1840	2749
1841	169
1842	2510
1843	215
1843	308
1843	313
1843	602
1843	626
1843	1578
1843	1613
1843	1690
1843	1744
1843	1930
1843	2472
1844	1223
1846	1710
1847	461
1847	1412
1849	980
1850	1292
1853	373
1854	2056
1856	843
1856	868
1860	1775
1861	1098
1863	822
1864	2210
1864	2421
1864	2476
1866	85
1866	1112
1867	1046
1867	1683
1871	755
1874	1022
1875	1987
1877	1223
1877	1636
1878	169
1878	1575
1878	2480
1878	2729
1881	122
1881	1269
1881	1533
1881	1681
1883	2367
1884	1729
1886	2056
1886	2421
1891	1184
1891	2056
1892	1950
1892	2640
1893	1223
1894	18
1894	169
1894	313
1894	326
1894	1573
1894	1575
1894	2567
1894	2729
1894	2786
1895	681
1895	1683
1896	2446
1897	313
1898	168
1899	1223
1904	720
1905	2519
1906	449
1910	1184
1911	2677
1912	778
1912	1119
1912	2003
1912	2059
1915	439
1919	1923
1920	126
1920	504
1920	778
1920	1375
1920	1690
1920	2003
1921	1502
1923	1919
1924	2210
1925	1690
1926	149
1926	857
1928	1356
1928	1463
1928	1955
1928	2088
1929	843
1929	1119
1929	2510
1930	215
1930	454
1930	763
1930	1843
1930	2372
1930	2421
1930	2446
1930	2472
1930	2763
1931	58
1931	139
1931	1011
1931	1196
1931	1421
1931	1627
1931	1673
1931	2059
1931	2401
1931	2421
1931	2510
1931	2566
1932	506
1934	215
1940	237
1940	590
1940	682
1940	746
1940	780
1940	1125
1940	1222
1940	1353
1940	1356
1940	1609
1940	1726
1940	2096
1940	2291
1940	2315
1940	2318
1940	2321
1940	2421
1940	2548
1940	2699
1940	2740
1941	2416
1942	1960
1943	71
1943	1369
1943	1447
1943	2333
1943	2421
1943	2694
1945	1725
1947	1582
1950	1892
1951	2066
1951	2469
1952	1729
1954	992
1955	144
1955	179
1955	441
1955	605
1955	883
1955	1356
1955	1613
1955	1811
1955	1928
1955	2311
1955	2421
1955	2493
1955	2619
1955	2770
1955	2816
1960	76
1960	133
1960	257
1960	275
1960	518
1960	601
1960	694
1960	779
1960	857
1960	880
1960	988
1960	1144
1960	1304
1960	1427
1960	1472
1960	1766
1960	1787
1960	1942
1960	2003
1960	2067
1960	2130
1960	2563
1960	2679
1961	755
1961	763
1961	1256
1961	2401
1964	681
1964	1184
1964	1683
1966	382
1966	712
1966	2116
1966	2421
1967	2059
1969	564
1969	964
1969	1647
1972	804
1972	2068
1972	2651
1976	1028
1977	2757
1979	654
1982	441
1982	518
1983	2210
1984	1575
1987	1875
1989	676
1989	817
1989	992
1989	1166
1989	2768
1990	974
1992	412
1994	127
1994	437
1994	641
1994	1153
1994	1234
1994	2062
1996	452
2000	179
2001	461
2002	220
2002	668
2002	755
2002	949
2002	1368
2002	1435
2002	1440
2002	1670
2002	1694
2002	2421
2003	58
2003	71
2003	157
2003	236
2003	271
2003	289
2003	337
2003	357
2003	451
2003	681
2003	763
2003	778
2003	823
2003	843
2003	860
2003	870
2003	885
2003	895
2003	1024
2003	1043
2003	1138
2003	1144
2003	1186
2003	1223
2003	1299
2003	1406
2003	1521
2003	1602
2003	1762
2003	1802
2003	1912
2003	1920
2003	1960
2003	2052
2003	2068
2003	2110
2003	2167
2003	2172
2003	2268
2003	2308
2003	2318
2003	2322
2003	2387
2003	2404
2003	2588
2003	2674
2006	199
2006	750
2006	1320
2007	364
2007	1184
2007	2786
2008	1062
2008	1703
2011	32
2012	583
2014	449
2016	1689
2017	775
2019	69
2026	992
2027	1204
2029	69
2029	2036
2030	2786
2032	69
2034	179
2034	791
2035	860
2035	1504
2035	1561
2035	2458
2036	69
2036	90
2036	117
2036	443
2036	665
2036	712
2036	1030
2036	1044
2036	1638
2036	2029
2036	2334
2036	2416
2036	2835
2037	1223
2041	313
2041	553
2041	2056
2041	2421
2046	15
2046	30
2046	288
2046	869
2046	885
2046	1069
2046	1477
2046	1549
2046	2167
2046	2416
2047	1447
2049	313
2049	606
2050	85
2050	313
2050	763
2052	139
2052	518
2052	779
2052	929
2052	1144
2052	1406
2052	1683
2052	1690
2052	2003
2052	2067
2052	2130
2052	2193
2052	2308
2052	2577
2052	2786
2053	1406
2054	20
2054	791
2054	1368
2054	2068
2054	2495
2054	2618
2055	2059
2056	76
2056	91
2056	326
2056	462
2056	513
2056	541
2056	722
2056	778
2056	841
2056	842
2056	905
2056	908
2056	1184
2056	1247
2056	1414
2056	1431
2056	1472
2056	1502
2056	1618
2056	1756
2056	1781
2056	1831
2056	1854
2056	1886
2056	1891
2056	2041
2056	2162
2056	2311
2056	2415
2056	2439
2056	2476
2056	2480
2056	2548
2056	2677
2056	2729
2058	920
2059	20
2059	30
2059	36
2059	58
2059	60
2059	69
2059	136
2059	232
2059	308
2059	454
2059	546
2059	555
2059	599
2059	602
2059	623
2059	651
2059	652
2059	697
2059	843
2059	859
2059	973
2059	991
2059	1011
2059	1119
2059	1209
2059	1246
2059	1351
2059	1356
2059	1431
2059	1432
2059	1436
2059	1627
2059	1640
2059	1673
2059	1683
2059	1708
2059	1742
2059	1768
2059	1912
2059	1931
2059	1967
2059	2055
2059	2117
2059	2193
2059	2237
2059	2294
2059	2316
2059	2355
2059	2396
2059	2401
2059	2421
2059	2472
2059	2510
2059	2523
2059	2674
2059	2678
2059	2786
2059	2829
2060	1729
2062	127
2062	1994
2065	1423
2066	241
2066	404
2066	1729
2066	1951
2067	779
2067	1960
2067	2052
2067	2130
2068	20
2068	382
2068	763
2068	1249
2068	1256
2068	1259
2068	1537
2068	1694
2068	1805
2068	1972
2068	2003
2068	2054
2068	2193
2068	2303
2068	2316
2068	2401
2068	2515
2068	2548
2068	2592
2068	2667
2068	2699
2068	2722
2068	2833
2075	746
2075	763
2075	1472
2075	2108
2075	2193
2075	2523
2076	1177
2076	1205
2076	1256
2076	2394
2076	2421
2076	2515
2086	1493
2087	139
2087	451
2087	755
2087	2421
2088	89
2088	780
2088	1928
2088	2488
2090	27
2090	2451
2095	2560
2096	1802
2096	1940
2096	2421
2097	69
2097	90
2097	971
2097	1119
2097	1638
2097	1791
2097	1804
2097	2416
2097	2475
2098	1472
2100	1582
2101	2210
2102	1084
2103	1799
2103	1809
2103	2677
2108	2075
2110	504
2110	1375
2110	1729
2110	2003
2113	179
2113	1642
2113	1802
2116	38
2116	278
2116	382
2116	606
2116	860
2116	908
2116	1075
2116	1138
2116	1205
2116	1410
2116	1966
2116	2186
2116	2267
2116	2269
2116	2405
2116	2421
2116	2455
2116	2495
2117	1627
2117	2059
2119	1584
2119	2480
2119	2532
2121	193
2121	1053
2121	2351
2121	2833
2127	452
2127	680
2130	1960
2130	2052
2130	2067
2131	313
2131	451
2131	2698
2131	2800
2132	1228
2132	1511
2132	2318
2136	1212
2137	139
2137	1129
2137	1259
2137	2833
2143	755
2143	1125
2143	2303
2144	304
2148	1729
2149	1006
2153	992
2154	461
2157	1416
2162	778
2162	1188
2162	1222
2162	2056
2164	1333
2166	179
2167	419
2167	1517
2167	1651
2167	2003
2167	2046
2168	1733
2168	2677
2169	510
2172	179
2172	313
2172	2003
2172	2619
2172	2786
2173	504
2173	1690
2176	1612
2177	681
2177	1462
2178	1206
2179	539
2183	394
2186	2116
2186	2421
2187	1311
2190	373
2193	36
2193	58
2193	397
2193	398
2193	420
2193	555
2193	763
2193	870
2193	887
2193	1011
2193	1030
2193	1122
2193	1319
2193	1413
2193	1561
2193	1683
2193	1770
2193	1805
2193	2052
2193	2059
2193	2068
2193	2075
2193	2316
2193	2318
2193	2374
2193	2401
2193	2510
2193	2674
2194	1352
2194	2598
2197	2210
2198	857
2200	2443
2200	2458
2201	997
2205	1617
2206	1253
2206	1699
2210	106
2210	137
2210	263
2210	358
2210	1029
2210	1041
2210	1322
2210	1406
2210	1864
2210	1924
2210	1983
2210	2101
2210	2197
2210	2309
2210	2588
2211	69
2211	778
2211	2786
2212	126
2212	778
2217	1265
2220	2655
2221	2484
2225	1276
2228	180
2228	451
2228	1462
2228	1690
2228	2421
2230	1363
2231	2566
2232	843
2232	2510
2233	889
2233	1223
2233	1453
2233	2504
2233	2640
2234	2378
2235	93
2236	98
2237	15
2237	69
2237	139
2237	2059
2239	567
2239	1329
2241	1378
2242	1082
2243	680
2244	71
2244	2458
2244	2677
2248	1642
2248	2752
2249	2800
2253	1594
2256	2788
2258	1228
2258	2418
2260	1729
2262	1729
2263	179
2263	791
2265	2735
2267	313
2267	1515
2267	2116
2268	2003
2269	2116
2270	317
2272	992
2273	2381
2274	126
2278	69
2281	1709
2281	2702
2286	1484
2287	139
2287	179
2287	1729
2287	2421
2287	2699
2291	410
2291	1714
2291	1940
2293	1034
2294	1311
2294	2059
2295	535
2298	504
2298	747
2298	2632
2301	313
2301	1648
2301	1738
2302	620
2303	1670
2303	2068
2303	2143
2306	929
2306	1729
2307	179
2307	778
2307	1642
2307	2421
2307	2699
2308	193
2308	518
2308	2003
2308	2052
2309	2210
2311	1955
2311	2056
2313	1520
2315	741
2315	746
2315	1125
2315	1940
2315	2421
2316	20
2316	56
2316	274
2316	351
2316	679
2316	741
2316	755
2316	924
2316	1053
2316	1249
2316	1511
2316	1642
2316	1694
2316	1701
2316	1773
2316	2059
2316	2068
2316	2193
2316	2353
2316	2833
2317	2813
2318	278
2318	361
2318	590
2318	746
2318	1729
2318	1940
2318	2003
2318	2132
2318	2193
2318	2478
2318	2498
2318	2523
2318	2677
2319	179
2320	333
2321	780
2321	1940
2322	466
2322	2003
2322	2566
2324	488
2325	2801
2326	488
2330	1184
2332	43
2332	1472
2333	71
2333	1447
2333	1943
2334	69
2334	1764
2334	2036
2334	2416
2337	471
2337	504
2337	930
2337	1355
2337	1683
2337	2668
2338	1192
2345	293
2345	316
2345	685
2345	1225
2345	1592
2347	149
2347	253
2347	1119
2347	1414
2347	1575
2347	1670
2350	1604
2350	1746
2351	313
2351	778
2351	1256
2351	2121
2352	857
2353	594
2353	691
2353	1051
2353	1237
2353	1493
2353	2316
2354	71
2354	137
2354	275
2354	321
2354	823
2355	381
2355	2059
2355	2458
2357	736
2358	180
2358	1053
2358	2798
2361	553
2362	123
2362	2534
2365	1214
2367	1883
2368	71
2372	215
2372	255
2372	313
2372	602
2372	626
2372	1578
2372	1670
2372	1799
2372	1930
2372	2446
2372	2510
2372	2578
2372	2752
2374	1256
2374	1683
2374	2193
2374	2446
2376	149
2376	169
2378	2234
2381	70
2381	1080
2381	2273
2383	2677
2387	313
2387	337
2387	451
2387	1138
2387	1223
2387	1650
2387	1690
2387	1729
2387	2003
2387	2421
2391	862
2394	74
2394	234
2394	313
2394	681
2394	746
2394	1417
2394	1549
2394	2076
2394	2786
2396	2059
2397	1365
2399	2446
2400	139
2400	149
2400	940
2401	56
2401	58
2401	466
2401	555
2401	655
2401	1548
2401	1673
2401	1931
2401	1961
2401	2059
2401	2068
2401	2193
2401	2461
2401	2510
2401	2511
2401	2566
2401	2618
2401	2674
2402	139
2402	179
2402	504
2402	778
2402	1129
2402	2833
2403	1831
2404	179
2404	1119
2404	2003
2404	2421
2404	2446
2405	1690
2405	2116
2405	2699
2409	1690
2415	451
2415	462
2415	1726
2415	2056
2415	2421
2415	2446
2415	2677
2416	18
2416	69
2416	90
2416	117
2416	160
2416	212
2416	235
2416	443
2416	665
2416	712
2416	778
2416	897
2416	971
2416	1030
2416	1296
2416	1331
2416	1367
2416	1638
2416	1781
2416	1798
2416	1831
2416	1941
2416	2036
2416	2046
2416	2097
2416	2334
2416	2421
2416	2532
2416	2565
2417	2532
2418	272
2418	409
2418	445
2418	493
2418	820
2418	846
2418	1052
2418	1228
2418	2258
2418	2579
2418	2689
2418	2700
2421	69
2421	112
2421	144
2421	164
2421	179
2421	193
2421	212
2421	222
2421	235
2421	259
2421	271
2421	289
2421	292
2421	351
2421	353
2421	357
2421	431
2421	441
2421	443
2421	451
2421	504
2421	513
2421	606
2421	626
2421	650
2421	652
2421	679
2421	697
2421	707
2421	741
2421	746
2421	753
2421	763
2421	780
2421	841
2421	856
2421	866
2421	870
2421	883
2421	885
2421	908
2421	940
2421	986
2421	1072
2421	1085
2421	1104
2421	1125
2421	1129
2421	1157
2421	1189
2421	1222
2421	1257
2421	1259
2421	1308
2421	1319
2421	1338
2421	1410
2421	1436
2421	1459
2421	1463
2421	1483
2421	1511
2421	1549
2421	1561
2421	1575
2421	1653
2421	1673
2421	1696
2421	1726
2421	1764
2421	1770
2421	1781
2421	1791
2421	1864
2421	1886
2421	1930
2421	1931
2421	1940
2421	1943
2421	1955
2421	1966
2421	2002
2421	2041
2421	2059
2421	2076
2421	2087
2421	2096
2421	2116
2421	2186
2421	2228
2421	2287
2421	2307
2421	2315
2421	2387
2421	2404
2421	2415
2421	2416
2421	2446
2421	2475
2421	2514
2421	2523
2421	2548
2421	2588
2421	2752
2421	2816
2421	2832
2423	1774
2426	565
2426	892
2432	1311
2432	2689
2439	843
2439	1209
2439	2056
2442	1223
2443	780
2443	2200
2444	1192
2446	56
2446	278
2446	451
2446	478
2446	555
2446	590
2446	595
2446	602
2446	626
2446	627
2446	652
2446	668
2446	692
2446	707
2446	841
2446	1198
2446	1259
2446	1463
2446	1624
2446	1726
2446	1896
2446	1930
2446	2372
2446	2374
2446	2399
2446	2404
2446	2415
2446	2421
2446	2511
2446	2548
2446	2632
2450	642
2450	1326
2451	2090
2453	1040
2454	1618
2455	313
2455	1575
2455	1690
2455	2116
2458	60
2458	746
2458	778
2458	1122
2458	1386
2458	1484
2458	1504
2458	1670
2458	1708
2458	2035
2458	2200
2458	2244
2458	2355
2458	2696
2459	2788
2461	1627
2461	2401
2467	1223
2468	227
2469	44
2469	766
2469	989
2469	1116
2469	1131
2469	1209
2469	1951
2470	940
2470	1623
2470	2510
2472	69
2472	843
2472	1843
2472	1930
2472	2059
2473	1469
2475	69
2475	1791
2475	2097
2475	2421
2476	179
2476	1119
2476	1322
2476	1571
2476	1864
2476	2056
2478	2318
2480	71
2480	169
2480	857
2480	976
2480	1386
2480	1575
2480	1584
2480	1878
2480	2056
2480	2119
2480	2567
2480	2761
2481	1690
2484	2221
2487	2702
2488	498
2488	926
2488	1077
2488	1583
2488	1821
2488	2088
2491	639
2493	1955
2495	351
2495	763
2495	1805
2495	2054
2495	2116
2498	71
2498	2318
2499	169
2499	421
2499	1193
2499	1575
2502	215
2503	857
2503	1215
2503	2564
2504	1223
2504	2233
2508	224
2508	291
2508	683
2509	1729
2510	36
2510	92
2510	205
2510	255
2510	451
2510	602
2510	809
2510	843
2510	1011
2510	1119
2510	1209
2510	1351
2510	1413
2510	1418
2510	1436
2510	1673
2510	1683
2510	1799
2510	1842
2510	1929
2510	1931
2510	2059
2510	2193
2510	2232
2510	2372
2510	2401
2510	2470
2510	2514
2510	2578
2510	2763
2510	2829
2511	2401
2511	2446
2513	149
2513	906
2513	1119
2513	1831
2514	451
2514	868
2514	2421
2514	2510
2514	2632
2514	2752
2515	1527
2515	2068
2515	2076
2519	1905
2520	1223
2520	1729
2520	2677
2523	337
2523	1472
2523	1683
2523	1690
2523	2059
2523	2075
2523	2318
2523	2421
2523	2547
2525	925
2530	1002
2532	53
2532	69
2532	169
2532	421
2532	722
2532	922
2532	995
2532	1482
2532	1680
2532	1763
2532	1785
2532	2119
2532	2416
2532	2417
2532	2565
2532	2726
2532	2734
2532	2816
2533	555
2533	590
2533	747
2533	870
2533	1256
2533	1365
2533	1694
2534	2362
2540	857
2540	2735
2544	553
2544	1294
2544	1781
2544	2786
2546	1573
2547	897
2547	1110
2547	1385
2547	1493
2547	1525
2547	2523
2548	1940
2548	2056
2548	2068
2548	2421
2548	2446
2550	831
2556	857
2558	1223
2560	2095
2563	1960
2564	857
2564	1561
2564	2503
2565	69
2565	2416
2565	2532
2566	139
2566	313
2566	755
2566	1673
2566	1683
2566	1931
2566	2231
2566	2322
2566	2401
2567	1894
2567	2480
2572	1378
2574	1223
2576	1729
2577	518
2577	779
2577	2052
2578	2372
2578	2510
2579	2418
2580	84
2582	1327
2584	2643
2587	618
2587	1496
2588	755
2588	778
2588	2003
2588	2210
2588	2421
2590	488
2590	1617
2592	2068
2595	857
2596	960
2598	2194
2600	1690
2601	1221
2604	69
2604	1355
2604	2786
2608	992
2609	104
2610	1405
2616	1223
2616	2672
2618	85
2618	590
2618	2054
2618	2401
2619	59
2619	313
2619	382
2619	606
2619	1056
2619	1955
2619	2172
2630	220
2630	2786
2632	150
2632	337
2632	504
2632	1120
2632	1278
2632	1440
2632	2298
2632	2446
2632	2514
2634	313
2636	451
2640	1223
2640	1892
2640	2233
2641	149
2641	731
2641	1223
2641	1648
2643	2584
2647	1233
2651	60
2651	179
2651	337
2651	451
2651	753
2651	778
2651	868
2651	905
2651	973
2651	1802
2651	1972
2651	2724
2652	1462
2652	2786
2655	2220
2659	992
2663	1575
2664	1037
2664	1729
2665	461
2667	2068
2668	963
2668	2337
2672	2616
2674	843
2674	1119
2674	1351
2674	1694
2674	2003
2674	2059
2674	2193
2674	2401
2675	918
2677	85
2677	138
2677	246
2677	313
2677	337
2677	600
2677	689
2677	697
2677	819
2677	993
2677	1139
2677	1177
2677	1295
2677	1381
2677	1438
2677	1485
2677	1493
2677	1511
2677	1513
2677	1571
2677	1599
2677	1733
2677	1799
2677	1823
2677	1911
2677	2056
2677	2103
2677	2168
2677	2244
2677	2318
2677	2383
2677	2415
2677	2520
2677	2752
2677	2814
2678	778
2678	1642
2678	2059
2679	1960
2680	169
2680	1119
2681	160
2681	897
2682	1311
2683	260
2683	2778
2689	2418
2689	2432
2692	179
2693	179
2694	71
2694	114
2694	1192
2694	1447
2694	1817
2694	1943
2695	213
2696	1406
2696	2458
2697	1574
2698	2131
2699	787
2699	841
2699	1222
2699	1511
2699	1752
2699	1802
2699	1940
2699	2068
2699	2287
2699	2307
2699	2405
2699	2752
2700	272
2700	401
2700	2418
2701	451
2701	1484
2702	500
2702	1148
2702	2281
2702	2487
2704	1248
2709	873
2709	969
2709	2720
2712	1430
2713	449
2717	569
2720	2709
2720	2811
2721	88
2722	755
2722	2068
2723	560
2724	2651
2726	2532
2727	984
2727	2730
2729	1184
2729	1386
2729	1431
2729	1878
2729	1894
2729	2056
2730	2727
2734	2532
2735	275
2735	341
2735	573
2735	779
2735	941
2735	1242
2735	1527
2735	1662
2735	2265
2735	2540
2735	2827
2740	313
2740	1940
2743	414
2745	2777
2746	570
2747	1729
2748	1184
2749	1840
2751	1256
2751	1259
2751	1762
2752	38
2752	54
2752	313
2752	652
2752	986
2752	1138
2752	2248
2752	2372
2752	2421
2752	2514
2752	2677
2752	2699
2755	139
2755	1177
2755	1549
2757	785
2757	1182
2757	1977
2761	2480
2763	1930
2763	2510
2764	560
2766	1690
2767	1765
2768	1989
2770	1955
2776	1460
2777	2745
2778	2683
2779	688
2784	179
2786	30
2786	69
2786	157
2786	193
2786	220
2786	255
2786	274
2786	382
2786	451
2786	595
2786	606
2786	625
2786	666
2786	678
2786	754
2786	869
2786	940
2786	941
2786	956
2786	1125
2786	1177
2786	1237
2786	1249
2786	1294
2786	1308
2786	1336
2786	1421
2786	1474
2786	1613
2786	1627
2786	1894
2786	2007
2786	2030
2786	2052
2786	2059
2786	2172
2786	2211
2786	2394
2786	2544
2786	2604
2786	2630
2786	2652
2786	2800
2786	2806
2786	2832
2788	7
2788	729
2788	890
2788	2256
2788	2459
2789	193
2789	1406
2791	822
2795	154
2795	718
2795	1769
2796	270
2797	1690
2798	1744
2798	2358
2800	2131
2800	2249
2800	2786
2801	2325
2802	1184
2804	1223
2804	1455
2806	2786
2811	2720
2813	2317
2814	2677
2815	560
2816	763
2816	1666
2816	1955
2816	2421
2816	2532
2821	1348
2823	435
2824	1502
2826	151
2827	2735
2829	236
2829	313
2829	1086
2829	2059
2829	2510
2832	2421
2832	2786
2833	30
2833	466
2833	1196
2833	1477
2833	1683
2833	1773
2833	2068
2833	2121
2833	2137
2833	2316
2833	2402
2835	69
2835	2036
2836	337
2838	200
2838	598
2838	1223
