1082	2242	332
2242	1082	332
992	2272	1667
2272	992	1667
992	832	1667
832	992	1667
2821	1348	1667
1348	2821	1667
592	767	1667
767	592	1667
2416	160	1149
160	2416	1149
1642	2248	1149
2248	1642	1149
889	1394	1149
1394	889	1149
520	1630	1149
1630	520	1149
1223	1285	795
1285	1223	795
1378	2241	37
2241	1378	37
1994	1153	37
1153	1994	37
1223	1877	47
1877	1223	47
1223	561	47
561	1223	47
71	232	1282
232	71	1282
71	1430	1282
1430	71	1282
2469	1131	94
1131	2469	94
1223	1019	94
1019	1223	94
1223	808	94
808	1223	94
1223	2504	94
2504	1223	94
1223	2640	94
2640	1223	94
889	1394	94
1394	889	94
1690	1510	94
1510	1690	94
1223	284	1774
284	1223	1774
179	791	469
791	179	469
810	1414	964
1414	810	964
520	1630	83
1630	520	83
68	760	1900
760	68	1900
992	41	2260
41	992	2260
1729	337	791
337	1729	791
1223	371	190
371	1223	190
2587	1496	190
1496	2587	190
2514	451	190
451	2514	190
1214	2365	190
2365	1214	190
1223	2233	322
2233	1223	322
1733	2168	322
2168	1733	322
1994	2062	322
2062	1994	322
1690	2481	322
2481	1690	322
2418	2258	696
2258	2418	696
2418	2689	696
2689	2418	696
2418	2579	696
2579	2418	696
2418	2700	696
2700	2418	696
2418	1052	696
1052	2418	696
2418	445	696
445	2418	696
2418	820	696
820	2418	696
2003	1406	1325
1406	2003	1325
2003	2318	1325
2318	2003	1325
337	2387	1325
2387	337	1325
337	885	1325
885	337	1325
337	2651	1325
2651	337	1325
337	1375	1325
1375	337	1325
992	41	1484
41	992	1484
2056	1502	1369
1502	2056	1369
2056	1431	1369
1431	2056	1369
2056	462	1369
462	2056	1369
992	850	1369
850	992	1369
1294	454	1369
454	1294	1369
1294	763	1369
763	1294	1369
2641	731	1089
731	2641	1089
2641	149	1089
149	2641	1089
1223	1261	45
1261	1223	45
2587	1496	45
1496	2587	45
1675	1219	45
1219	1675	45
1960	1304	45
1304	1960	45
1690	2405	1493
2405	1690	1493
822	1753	739
1753	822	739
1817	2694	739
2694	1817	739
992	2272	739
2272	992	739
992	850	197
850	992	197
1690	1925	197
1925	1690	197
1223	2804	68
2804	1223	68
778	126	1370
126	778	1370
1184	69	1370
69	1184	1370
992	1954	273
1954	992	273
992	2608	273
2608	992	273
992	41	273
41	992	273
2821	1348	273
1348	2821	273
1223	914	273
914	1223	273
1223	1218	273
1218	1223	273
497	1067	225
1067	497	225
681	1641	1564
1641	681	1564
681	1895	1564
1895	681	1564
1694	2002	1564
2002	1694	1564
1406	2053	1564
2053	1406	1564
1406	2789	1564
2789	1406	1564
1406	259	1564
259	1406	1564
1406	1144	1564
1144	1406	1564
1406	441	1564
441	1406	1564
1223	1285	640
1285	1223	640
1223	1250	640
1250	1223	640
1184	1964	640
1964	1184	640
193	1294	296
1294	193	296
193	2789	296
2789	193	296
1311	1228	296
1228	1311	296
1311	1112	296
1112	1311	296
1311	2294	296
2294	1311	296
1311	631	296
631	1311	296
1311	1511	296
1511	1311	296
1791	2475	296
2475	1791	296
1223	331	296
331	1223	296
1223	1466	296
1466	1223	296
1223	413	296
413	1223	296
1223	248	296
248	1223	296
1223	2037	296
2037	1223	296
1223	287	296
287	1223	296
1223	1149	296
1149	1223	296
1223	1250	296
1250	1223	296
1462	2177	296
2177	1462	296
1462	2228	296
2228	1462	296
1462	2652	296
2652	1462	296
179	1105	296
1105	179	296
179	1095	296
1095	179	296
179	582	296
582	179	296
1356	2059	296
2059	1356	296
1356	762	296
762	1356	296
755	1961	296
1961	755	296
755	2002	296
2002	755	296
755	466	296
466	755	296
755	780	296
780	755	296
755	1294	296
1294	755	296
755	2588	296
2588	755	296
755	397	296
397	755	296
755	1683	296
1683	755	296
755	2566	296
2566	755	296
755	2316	296
2316	755	296
755	431	296
431	755	296
755	2722	296
2722	755	296
940	2470	296
2470	940	296
940	2786	296
2786	940	296
313	59	296
59	313	296
313	2740	296
2740	313	296
313	940	296
940	313	296
313	2619	296
2619	313	296
313	602	296
602	313	296
313	2172	296
2172	313	296
313	2752	296
2752	313	296
313	2267	296
2267	313	296
780	1077	296
1077	780	296
2677	1295	296
1295	2677	296
2677	1513	296
1513	2677	296
2677	2415	296
2415	2677	296
2677	138	296
138	2677	296
2677	689	296
689	2677	296
1613	313	296
313	1613	296
2059	1673	296
1673	2059	296
2059	1011	296
1011	2059	296
2059	2674	296
2674	2059	296
2677	1295	2292
1295	2677	2292
2677	1139	2292
1139	2677	2292
2677	337	2292
337	2677	2292
452	524	220
524	452	220
293	2345	1991
2345	293	1991
1795	225	64
225	1795	64
1690	1388	64
1388	1690	64
1690	1925	64
1925	1690	64
1223	1285	64
1285	1223	64
1223	1149	64
1149	1223	64
2503	2564	2278
2564	2503	2278
1642	2316	793
2316	1642	793
98	2236	1562
2236	98	1562
2798	2358	1985
2358	2798	1985
992	850	936
850	992	936
1223	413	1925
413	1223	1925
1223	914	1925
914	1223	1925
1223	808	1925
808	1223	1925
1223	2640	1925
2640	1223	1925
843	1237	1925
1237	843	1925
843	2674	1925
2674	843	1925
1531	1383	2146
1383	1531	2146
286	1519	2146
1519	286	2146
992	41	334
41	992	334
1582	2100	2240
2100	1582	2240
1690	521	92
521	1690	92
1960	1144	1528
1144	1960	1528
1960	2679	1528
2679	1960	1528
2421	357	1528
357	2421	1528
2421	69	1528
69	2421	1528
2421	1943	1528
1943	2421	1528
2421	1459	1528
1459	2421	1528
2421	741	1528
741	2421	1528
2421	763	1528
763	2421	1528
2421	652	1528
652	2421	1528
2421	1338	1528
1338	2421	1528
2421	271	1528
271	2421	1528
2421	1781	1528
1781	2421	1528
2421	2416	1528
2416	2421	1528
2473	1469	804
1469	2473	804
2097	2475	919
2475	2097	919
2097	971	919
971	2097	919
971	235	919
235	971	919
2003	2318	919
2318	2003	919
1690	1404	919
1404	1690	919
1690	98	919
98	1690	919
98	2236	919
2236	98	919
1618	2454	919
2454	1618	919
791	120	919
120	791	919
791	2054	919
2054	791	919
791	2034	919
2034	791	919
1184	2056	919
2056	1184	919
2056	91	919
91	2056	919
2056	2415	919
2415	2056	919
2056	2162	919
2162	2056	919
2056	2041	919
2041	2056	919
2056	1756	919
1756	2056	919
2056	905	919
905	2056	919
2056	2311	919
2311	2056	919
2052	929	919
929	2052	919
2052	518	919
518	2052	919
2052	2067	919
2067	2052	919
1119	778	919
778	1119	919
1119	2097	919
2097	1119	919
1119	2404	919
2404	1119	919
1119	971	919
971	1119	919
1119	1742	919
1742	1119	919
2306	929	1173
929	2306	1173
1223	1466	101
1466	1223	101
333	2320	2267
2320	333	2267
1223	699	732
699	1223	732
1223	2442	732
2442	1223	732
1223	413	732
413	1223	732
1223	248	732
248	1223	732
1223	1717	732
1717	1223	732
1223	914	732
914	1223	732
1223	912	732
912	1223	732
1223	438	732
438	1223	732
1223	1877	732
1877	1223	732
1223	162	732
162	1223	732
1223	2558	732
2558	1223	732
1223	2640	732
2640	1223	732
1881	1533	732
1533	1881	732
1881	1269	732
1269	1881	732
992	1954	732
1954	992	732
1028	1976	732
1976	1028	732
1690	617	732
617	1690	732
1690	1510	732
1510	1690	732
2354	137	11
137	2354	11
1881	122	11
122	1881	11
2027	1204	11
1204	2027	11
2066	241	11
241	2066	11
452	634	11
634	452	11
2587	618	641
618	2587	641
868	451	2086
451	868	2086
2350	1604	1437
1604	2350	1437
2786	1613	950
1613	2786	950
914	331	1273
331	914	1273
1690	1404	1614
1404	1690	1614
504	2173	256
2173	504	256
2632	150	256
150	2632	256
2632	504	256
504	2632	256
2632	2446	256
2446	2632	256
2510	1673	256
1673	2510	256
2510	1351	256
1351	2510	256
2510	843	256
843	2510	256
2510	1929	256
1929	2510	256
2510	1011	256
1011	2510	256
71	1057	545
1057	71	545
1223	1877	63
1877	1223	63
1223	1258	63
1258	1223	63
889	2233	63
2233	889	63
1223	705	329
705	1223	329
1223	1019	329
1019	1223	329
1223	1717	329
1717	1223	329
1223	438	329
438	1223	329
1223	561	329
561	1223	329
1223	491	329
491	1223	329
2381	2273	329
2273	2381	329
71	239	329
239	71	329
71	232	329
232	71	329
149	723	329
723	149	329
1690	2481	329
2481	1690	329
1690	1388	329
1388	1690	329
992	850	329
850	992	329
992	1954	329
1954	992	329
992	41	329
41	992	329
2210	2101	329
2101	2210	329
2210	2309	329
2309	2210	329
2210	1406	329
1406	2210	329
2469	44	34
44	2469	34
1677	300	34
300	1677	34
992	877	34
877	992	34
992	1141	34
1141	992	34
992	1723	34
1723	992	34
992	1989	34
1989	992	34
857	1482	34
1482	857	34
1994	2062	1026
2062	1994	1026
2587	618	1026
618	2587	1026
1223	1893	1204
1893	1223	1204
1223	1285	1204
1285	1223	1204
1223	1149	1204
1149	1223	1204
1690	1748	2228
1748	1690	2228
1690	2481	2228
2481	1690	2228
1690	1510	2228
1510	1690	2228
1690	1925	2228
1925	1690	2228
1690	1404	2228
1404	1690	2228
1729	929	212
929	1729	212
179	791	318
791	179	318
1989	676	318
676	1989	318
1223	705	1856
705	1223	1856
1690	429	1745
429	1690	1745
1690	2409	1745
2409	1690	1745
1690	1388	399
1388	1690	399
1223	705	808
705	1223	808
1223	413	808
413	1223	808
1223	248	808
248	1223	808
1223	1828	808
1828	1223	808
1223	2804	808
2804	1223	808
1223	1877	808
1877	1223	808
1223	2504	808
2504	1223	808
1223	1258	808
1258	1223	808
1223	371	808
371	1223	808
71	1525	196
1525	71	196
71	533	196
533	71	196
1223	1877	196
1877	1223	196
2709	969	196
969	2709	196
1223	2233	1
2233	1223	1
2702	2487	1624
2487	2702	1624
793	1643	1624
1643	793	1624
520	1630	1417
1630	520	1417
1453	2233	154
2233	1453	154
1223	1453	154
1453	1223	154
1223	1466	154
1466	1223	154
1223	1285	154
1285	1223	154
1223	2233	154
2233	1223	154
1765	1309	154
1309	1765	154
1675	1501	154
1501	1675	154
992	1954	154
1954	992	154
2677	993	154
993	2677	154
149	1414	154
1414	149	154
1690	2481	154
2481	1690	154
1690	1404	154
1404	1690	154
1223	413	916
413	1223	916
2076	2515	2296
2515	2076	2296
30	2059	239
2059	30	239
30	599	239
599	30	239
448	311	2099
311	448	2099
1223	1717	2099
1717	1223	2099
992	850	2099
850	992	2099
68	760	2099
760	68	2099
1177	5	2099
5	1177	2099
992	41	1172
41	992	1172
2350	1604	1172
1604	2350	1172
2587	618	987
618	2587	987
1177	1579	1864
1579	1177	1864
1177	977	1864
977	1177	1864
1455	1466	670
1466	1455	670
1455	940	670
940	1455	670
1223	1455	670
1455	1223	670
1223	1285	670
1285	1223	670
2752	2514	1461
2514	2752	1461
2752	54	1461
54	2752	1461
1223	1455	1461
1455	1223	1461
1223	413	1461
413	1223	1461
1223	526	1461
526	1223	1461
1782	1721	578
1721	1782	578
213	2695	1558
2695	213	1558
1223	699	1558
699	1223	1558
1223	2037	1558
2037	1223	1558
2700	401	1558
401	2700	1558
857	2503	1558
2503	857	1558
2702	2281	327
2281	2702	327
2239	567	327
567	2239	327
2587	618	327
618	2587	327
1378	2572	1296
2572	1378	1296
2473	1469	858
1469	2473	858
179	2000	40
2000	179	40
992	832	610
832	992	610
992	41	610
41	992	610
1775	1860	2234
1860	1775	2234
2469	766	2234
766	2469	2234
1378	2572	258
2572	1378	258
179	791	258
791	179	258
641	1994	258
1994	641	258
1994	1234	258
1234	1994	258
1675	457	258
457	1675	258
1690	429	258
429	1690	258
2164	1333	1195
1333	2164	1195
1223	2233	1195
2233	1223	1195
1223	561	377
561	1223	377
1223	1218	377
1218	1223	377
1746	593	312
593	1746	312
1223	413	61
413	1223	61
1223	1258	61
1258	1223	61
1223	491	61
491	1223	61
992	877	61
877	992	61
889	1589	61
1589	889	61
2821	1348	61
1348	2821	61
1612	2176	1377
2176	1612	1377
1472	688	2297
688	1472	2297
1472	2523	2297
2523	1472	2297
2318	2478	2297
2478	2318	2297
2003	1602	147
1602	2003	147
2003	2318	147
2318	2003	147
1184	963	147
963	1184	147
1223	2574	644
2574	1223	644
1223	699	644
699	1223	644
1223	1455	644
1455	1223	644
1223	2442	644
2442	1223	644
1223	1285	644
1285	1223	644
1223	2804	644
2804	1223	644
1223	2233	644
2233	1223	644
1223	287	644
287	1223	644
1223	561	644
561	1223	644
1223	2504	644
2504	1223	644
1223	1258	644
1258	1223	644
520	1630	644
1630	520	644
1223	1899	595
1899	1223	595
1969	564	1664
564	1969	1664
1969	1647	1664
1647	1969	1664
2519	1905	372
1905	2519	372
764	983	1136
983	764	1136
1223	1285	1150
1285	1223	1150
1223	2558	1150
2558	1223	1150
2788	2256	2286
2256	2788	2286
2059	555	1286
555	2059	1286
822	1682	529
1682	822	529
2372	313	942
313	2372	942
2372	215	942
215	2372	942
2372	2578	942
2578	2372	942
2372	2752	942
2752	2372	942
2372	1670	942
1670	2372	942
2372	2510	942
2510	2372	942
2372	626	942
626	2372	942
2372	1930	942
1930	2372	942
215	1930	942
1930	215	942
215	1934	942
1934	215	942
215	1609	942
1609	215	942
193	277	942
277	193	942
193	1104	942
1104	193	942
193	1805	942
1805	193	942
2087	755	942
755	2087	942
1138	2387	942
2387	1138	942
2421	1966	942
1966	2421	942
2421	2059	942
2059	2421	942
2421	2087	942
2087	2421	942
2421	1549	942
1549	2421	942
2421	289	942
289	2421	942
381	2355	942
2355	381	942
381	1122	942
1122	381	942
2116	2269	942
2269	2116	942
2116	1138	942
1138	2116	942
2116	860	942
860	2116	942
2116	38	942
38	2116	942
2116	1205	942
1205	2116	942
2116	1410	942
1410	2116	942
2116	908	942
908	2116	942
2116	1966	942
1966	2116	942
1549	2755	942
2755	1549	942
1549	1594	942
1594	1549	942
2752	1138	942
1138	2752	942
2752	38	942
38	2752	942
2752	313	942
313	2752	942
2752	2699	942
2699	2752	942
2752	986	942
986	2752	942
313	2131	942
2131	313	942
606	2116	942
2116	606	942
606	59	942
59	606	942
606	2619	942
2619	606	942
2351	778	942
778	2351	942
2351	313	942
313	2351	942
763	289	942
289	763	942
763	357	942
357	763	942
763	1770	942
1770	763	942
763	1249	942
1249	763	942
763	1472	942
1472	763	942
1843	1930	942
1930	1843	942
1843	313	942
313	1843	942
1843	626	942
626	1843	942
1843	215	942
215	1843	942
2035	1504	942
1504	2035	942
2035	860	942
860	2035	942
2446	2511	942
2511	2446	942
2446	1726	942
1726	2446	942
2446	56	942
56	2446	942
2446	668	942
668	2446	942
2446	707	942
707	2446	942
2446	2372	942
2372	2446	942
2446	2374	942
2374	2446	942
2446	2548	942
2548	2446	942
2446	2404	942
2404	2446	942
2446	595	942
595	2446	942
2446	590	942
590	2446	942
2446	1198	942
1198	2446	942
2446	1463	942
1463	2446	942
2446	1896	942
1896	2446	942
2446	1624	942
1624	2446	942
2446	626	942
626	2446	942
1023	489	1262
489	1023	1262
1223	699	1695
699	1223	1695
1729	1083	709
1083	1729	709
2677	313	2039
313	2677	2039
1690	1404	41
1404	1690	41
2510	1673	2190
1673	2510	2190
1223	1019	1552
1019	1223	1552
1223	1107	1552
1107	1223	1552
1223	438	1552
438	1223	1552
1223	1877	1552
1877	1223	1552
1223	2504	1552
2504	1223	1552
452	680	337
680	452	337
1775	1860	337
1860	1775	337
2008	1062	1178
1062	2008	1178
2302	620	1860
620	2302	1860
1223	413	1197
413	1223	1197
1729	1083	1197
1083	1729	1197
992	850	1197
850	992	1197
992	877	1197
877	992	1197
889	1079	963
1079	889	963
992	850	689
850	992	689
1881	1269	1839
1269	1881	1839
452	524	2280
524	452	2280
992	850	2193
850	992	2193
992	41	2193
41	992	2193
992	41	1751
41	992	1751
1729	2262	1327
2262	1729	1327
1690	1404	1520
1404	1690	1520
337	1138	179
1138	337	179
337	940	179
940	337	179
2510	602	179
602	2510	179
2510	809	179
809	2510	179
139	519	179
519	139	179
139	668	179
668	139	179
139	339	179
339	139	179
1375	382	179
382	1375	179
1375	1642	179
1642	1375	179
1375	1138	179
1138	1375	179
1375	1920	179
1920	1375	179
1375	1120	179
1120	1375	179
1375	313	179
313	1375	179
1375	1254	179
1254	1375	179
1375	504	179
504	1375	179
857	698	179
698	857	179
857	1215	179
1215	857	179
1259	2446	179
2446	1259	179
71	866	179
866	71	179
71	179	179
179	71	179
71	1375	179
1375	71	179
179	1138	179
1138	179	179
179	1104	179
1104	179	179
179	791	179
791	179	179
180	2228	179
2228	180	179
180	2358	179
2358	180	179
2480	1386	179
1386	2480	179
2480	2567	179
2567	2480	179
2480	2119	179
2119	2480	179
2480	1878	179
1878	2480	179
2480	1584	179
1584	2480	179
2480	976	179
976	2480	179
2480	857	179
857	2480	179
2421	2228	179
2228	2421	179
2421	2076	179
2076	2421	179
2421	2446	179
2446	2421	179
2421	1726	179
1726	2421	179
2421	870	179
870	2421	179
2421	2315	179
2315	2421	179
2421	1463	179
1463	2421	179
2421	441	179
441	2421	179
2421	986	179
986	2421	179
2421	2523	179
2523	2421	179
2421	222	179
222	2421	179
2421	1157	179
1157	2421	179
2421	1259	179
1259	2421	179
2421	1511	179
1511	2421	179
2421	1930	179
1930	2421	179
2421	2002	179
2002	2421	179
1673	1931	179
1931	1673	179
1683	139	179
139	1683	179
1683	2566	179
2566	1683	179
1683	1256	179
1256	1683	179
1683	1264	179
1264	1683	179
1683	1641	179
1641	1683	179
1683	1895	179
1895	1683	179
1683	1724	179
1724	1683	179
1683	1374	179
1374	1683	179
1683	1867	179
1867	1683	179
1683	1298	179
1298	1683	179
1683	1390	179
1390	1683	179
1351	2674	179
2674	1351	179
763	1930	179
1930	763	179
763	2816	179
2816	763	179
778	2588	179
2588	778	179
778	1504	179
1504	778	179
778	245	179
245	778	179
778	2458	179
2458	778	179
553	2544	179
2544	553	179
553	2361	179
2361	553	179
1690	606	179
606	1690	179
1690	1236	179
1236	1690	179
1690	790	179
790	1690	179
1690	337	179
337	1690	179
1690	2455	179
2455	1690	179
2786	625	179
625	2786	179
2786	255	179
255	2786	179
2786	869	179
869	2786	179
2786	2059	179
2059	2786	179
2786	2211	179
2211	2786	179
2786	382	179
382	2786	179
627	471	179
471	627	179
627	1374	179
1374	627	179
627	562	179
562	627	179
627	1184	179
1184	627	179
627	1298	179
1298	627	179
627	885	179
885	627	179
627	1683	179
1683	627	179
2075	2108	179
2108	2075	179
2056	2677	179
2677	2056	179
2056	1831	179
1831	2056	179
2056	2729	179
2729	2056	179
2056	2480	179
2480	2056	179
2056	842	179
842	2056	179
2059	651	179
651	2059	179
2446	555	179
555	2446	179
2446	2399	179
2399	2446	179
2446	602	179
602	2446	179
2446	692	179
692	2446	179
2446	626	179
626	2446	179
2446	627	179
627	2446	179
2446	1930	179
1930	2446	179
2446	1259	179
1259	2446	179
2446	478	179
478	2446	179
2510	1351	295
1351	2510	295
2510	2401	295
2401	2510	295
139	1259	295
1259	139	295
520	1630	74
1630	520	74
1690	617	2087
617	1690	2087
1690	1388	2087
1388	1690	2087
1690	1925	2087
1925	1690	2087
1690	1165	2087
1165	1690	2087
617	1690	2087
1690	617	2087
520	1630	1096
1630	520	1096
1184	1964	1843
1964	1184	1843
1223	1633	1392
1633	1223	1392
2677	1485	1392
1485	2677	1392
2587	1496	1392
1496	2587	1392
1690	1404	96
1404	1690	96
778	763	96
763	778	96
992	850	96
850	992	96
1112	1866	1878
1866	1112	1878
1690	1404	1772
1404	1690	1772
2532	1680	649
1680	2532	649
2532	2565	649
2565	2532	649
2532	722	649
722	2532	649
2532	922	649
922	2532	649
169	141	649
141	169	649
169	213	649
213	169	649
169	1262	649
1262	169	649
1683	1716	1777
1716	1683	1777
1683	2374	1777
2374	1683	1777
337	1802	2238
1802	337	2238
337	2523	2238
2523	337	2238
71	1057	2238
1057	71	2238
71	1430	2238
1430	71	2238
2826	151	1569
151	2826	1569
1223	1893	2028
1893	1223	2028
461	1412	1719
1412	461	1719
1960	2067	191
2067	1960	191
1960	518	191
518	1960	191
1960	1427	191
1427	1960	191
1960	2679	191
2679	1960	191
1781	2544	191
2544	1781	191
1781	220	191
220	1781	191
1831	1255	191
1255	1831	191
1831	2416	191
2416	1831	191
1831	2513	191
2513	1831	191
1831	61	191
61	1831	191
2677	1295	191
1295	2677	191
2677	1799	191
1799	2677	191
2677	2103	191
2103	2677	191
2677	1493	191
1493	2677	191
2677	138	191
138	2677	191
2677	246	191
246	2677	191
2677	600	191
600	2677	191
2677	2318	191
2318	2677	191
2677	1381	191
1381	2677	191
2677	2814	191
2814	2677	191
1119	1683	191
1683	1119	191
1119	1011	191
1011	1119	191
1119	1708	191
1708	1119	191
1119	2059	191
2059	1119	191
1119	58	191
58	1119	191
1223	331	191
331	1223	191
1223	2003	191
2003	1223	191
1223	1119	191
1119	1223	191
1223	1466	191
1466	1223	191
1223	1893	191
1893	1223	191
1223	889	191
889	1223	191
1223	413	191
413	1223	191
1223	1019	191
1019	1223	191
1223	1107	191
1107	1223	191
1223	284	191
284	1223	191
1223	248	191
248	1223	191
1223	914	191
914	1223	191
1223	912	191
912	1223	191
1223	438	191
438	1223	191
1223	200	191
200	1223	191
1223	1560	191
1560	1223	191
1223	598	191
598	1223	191
1223	1877	191
1877	1223	191
1223	2233	191
2233	1223	191
1223	287	191
287	1223	191
1223	162	191
162	1223	191
1223	561	191
561	1223	191
1223	1149	191
1149	1223	191
1223	520	191
520	1223	191
1223	371	191
371	1223	191
1223	442	191
442	1223	191
1223	1844	191
1844	1223	191
289	688	191
688	289	191
98	2236	191
2236	98	191
1618	148	191
148	1618	191
1690	22	191
22	1690	191
1690	315	191
315	1690	191
1690	2481	191
2481	1690	191
1690	1388	191
1388	1690	191
1690	1510	191
1510	1690	191
1690	2409	191
2409	1690	191
1690	1925	191
1925	1690	191
1690	1165	191
1165	1690	191
1690	98	191
98	1690	191
2003	1960	191
1960	2003	191
2003	289	191
289	2003	191
2003	1602	191
1602	2003	191
2003	870	191
870	2003	191
2003	1912	191
1912	2003	191
2003	2318	191
2318	2003	191
2003	2322	191
2322	2003	191
1053	368	50
368	1053	50
1223	331	98
331	1223	98
1223	808	98
808	1223	98
592	100	119
100	592	119
2609	104	116
104	2609	116
1223	1218	2057
1218	1223	2057
992	850	2057
850	992	2057
992	1954	2057
1954	992	2057
1617	1614	1351
1614	1617	1351
1881	1533	1351
1533	1881	1351
2239	567	2214
567	2239	2214
1799	2103	1522
2103	1799	1522
240	568	981
568	240	981
2008	1062	981
1062	2008	981
992	877	981
877	992	981
1690	429	981
429	1690	981
1690	2409	981
2409	1690	981
1714	244	605
244	1714	605
780	1085	1284
1085	780	1284
780	1256	1284
1256	780	1284
1028	233	1284
233	1028	1284
227	2468	2109
2468	227	2109
1356	868	573
868	1356	573
1989	2768	331
2768	1989	331
1989	817	331
817	1989	331
1994	127	331
127	1994	331
179	1095	331
1095	179	331
992	850	331
850	992	331
2677	1511	331
1511	2677	331
1223	2804	1322
2804	1223	1322
1223	808	1322
808	1223	1322
1223	2233	1322
2233	1223	1322
1223	165	1322
165	1223	1322
1223	561	1322
561	1223	1322
1223	2558	1322
2558	1223	1322
1223	2640	1322
2640	1223	1322
1223	1218	1322
1218	1223	1322
2795	718	1322
718	2795	1322
1690	617	1069
617	1690	1069
1690	521	1069
521	1690	1069
1690	1551	1069
1551	1690	1069
1119	843	1069
843	1119	1069
1192	1687	1482
1687	1192	1482
1675	457	1482
457	1675	1482
992	850	1482
850	992	1482
992	832	1482
832	992	1482
992	1723	1482
1723	992	1482
992	850	1085
850	992	1085
992	1601	1085
1601	992	1085
461	1847	57
1847	461	57
461	2665	57
2665	461	57
461	2001	57
2001	461	57
179	2034	57
2034	179	57
1690	1388	57
1388	1690	57
2003	1138	2242
1138	2003	2242
2003	1920	2242
1920	2003	2242
2003	2404	2242
2404	2003	2242
569	2717	483
2717	569	483
2167	1517	1110
1517	2167	1110
71	1369	1110
1369	71	1110
71	1430	1110
1430	71	1110
20	2054	1110
2054	20	1110
20	2316	1110
2316	20	1110
20	870	1110
870	20	1110
20	763	1110
763	20	1110
20	1249	1110
1249	20	1110
20	2068	1110
2068	20	1110
1683	1724	1110
1724	1683	1110
843	92	1110
92	843	1110
2394	313	1110
313	2394	1110
2394	74	1110
74	2394	1110
451	1242	1110
1242	451	1110
2416	1030	1110
1030	2416	1110
2416	1296	1110
1296	2416	1110
2416	90	1110
90	2416	1110
2416	443	1110
443	2416	1110
2416	1331	1110
1331	2416	1110
2416	665	1110
665	2416	1110
2416	1781	1110
1781	2416	1110
2416	971	1110
971	2416	1110
2416	712	1110
712	2416	1110
2421	1085	1110
1085	2421	1110
2421	504	1110
504	2421	1110
2421	741	1110
741	2421	1110
2421	164	1110
164	2421	1110
2421	885	1110
885	2421	1110
2476	1864	1110
1864	2476	1110
2476	1571	1110
1571	2476	1110
2046	2416	1110
2416	2046	1110
2046	15	1110
15	2046	1110
2046	869	1110
869	2046	1110
2046	288	1110
288	2046	1110
2046	2167	1110
2167	2046	1110
2046	885	1110
885	2046	1110
2052	518	1110
518	2052	1110
2056	2415	1110
2415	2056	1110
2056	1854	1110
1854	2056	1110
2056	1886	1110
1886	2056	1110
2056	2548	1110
2548	2056	1110
2056	2439	1110
2439	2056	1110
2056	76	1110
76	2056	1110
2059	859	1110
859	2059	1110
2059	1436	1110
1436	2059	1110
2059	2401	1110
2401	2059	1110
2059	2396	1110
2396	2059	1110
2059	20	1110
20	2059	1110
2059	1246	1110
1246	2059	1110
2059	2510	1110
2510	2059	1110
2059	1742	1110
1742	2059	1110
518	1982	1110
1982	518	1110
2786	255	1110
255	2786	1110
2786	2052	1110
2052	2786	1110
2786	1308	1110
1308	2786	1110
2786	1125	1110
1125	2786	1110
2786	2630	1110
2630	2786	1110
2786	678	1110
678	2786	1110
2786	274	1110
274	2786	1110
2786	220	1110
220	2786	1110
2786	1336	1110
1336	2786	1110
443	212	1110
212	443	1110
360	627	1110
627	360	1110
1598	547	1110
547	1598	1110
1184	2056	1110
2056	1184	1110
1184	471	1110
471	1184	1110
1305	1555	1110
1555	1305	1110
1764	443	1110
443	1764	1110
1764	2334	1110
2334	1764	1110
778	746	1110
746	778	1110
778	707	1110
707	778	1110
778	1237	1110
1237	778	1110
778	1446	1110
1446	778	1110
778	1624	1110
1624	778	1110
778	1365	1110
1365	778	1110
778	1912	1110
1912	778	1110
778	2212	1110
2212	778	1110
778	1752	1110
1752	778	1110
778	787	1110
787	778	1110
778	2162	1110
2162	778	1110
778	652	1110
652	778	1110
778	1222	1110
1222	778	1110
778	1561	1110
1561	778	1110
778	1696	1110
1696	778	1110
2068	763	1110
763	2068	1110
2315	1125	1110
1125	2315	1110
2315	1940	1110
1940	2315	1110
1621	324	1110
324	1621	1110
139	1259	1422
1259	139	1422
520	1630	509
1630	520	509
1819	341	1359
341	1819	1359
1223	413	1359
413	1223	1359
1223	1717	1359
1717	1223	1359
1223	1285	1359
1285	1223	1359
992	1376	2101
1376	992	2101
1265	2217	76
2217	1265	76
1690	1388	76
1388	1690	76
2350	1604	2216
1604	2350	2216
520	1630	2216
1630	520	2216
451	843	717
843	451	717
451	1242	717
1242	451	717
451	1375	717
1375	451	717
451	1440	717
1440	451	717
451	1237	717
1237	451	717
2052	2067	717
2067	2052	717
2052	2308	717
2308	2052	717
971	69	717
69	971	717
1406	2696	717
2696	1406	717
1406	519	717
519	1406	717
69	2604	717
2604	69	717
1690	617	717
617	1690	717
1690	2797	717
2797	1690	717
1690	1404	717
1404	1690	717
992	850	1144
850	992	1144
992	2608	1144
2608	992	1144
992	41	1144
41	992	1144
11	449	1439
449	11	1439
53	1740	89
1740	53	89
93	2235	878
2235	93	878
1690	1925	335
1925	1690	335
1675	951	335
951	1675	335
1765	1309	335
1309	1765	335
992	1954	335
1954	992	335
843	1817	400
1817	843	400
843	2059	400
2059	843	400
1683	2523	2042
2523	1683	2042
1683	1257	2042
1257	1683	2042
1683	780	2042
780	1683	2042
2735	2265	944
2265	2735	944
1053	2358	944
2358	1053	944
1223	413	944
413	1223	944
1223	520	944
520	1223	944
1223	1258	944
1258	1223	944
1802	722	2091
722	1802	2091
2353	1051	2091
1051	2353	2091
1575	722	2091
722	1575	2091
1690	2481	506
2481	1690	506
1690	1404	506
1404	1690	506
1223	2442	506
2442	1223	506
1223	1877	506
1877	1223	506
1223	2640	506
2640	1223	506
2473	1469	1827
1469	2473	1827
992	850	1348
850	992	1348
449	2713	2257
2713	449	2257
71	533	2257
533	71	2257
992	152	2257
152	992	2257
71	1057	51
1057	71	51
2677	600	51
600	2677	51
1223	526	1709
526	1223	1709
2193	1011	404
1011	2193	404
2193	1122	404
1122	2193	404
2193	1770	404
1770	2193	404
2193	1413	404
1413	2193	404
2193	2510	404
2510	2193	404
193	519	404
519	193	404
193	895	404
895	193	404
1683	555	404
555	1683	404
1683	809	404
809	1683	404
1683	1673	404
1673	1683	404
1683	2052	404
2052	1683	404
1683	1724	404
1724	1683	404
1683	627	404
627	1683	404
1683	1773	404
1773	1683	404
1683	2510	404
2510	1683	404
1683	1867	404
1867	1683	404
1683	482	404
482	1683	404
1683	870	404
870	1683	404
1683	1184	404
1184	1683	404
1683	2337	404
2337	1683	404
2052	779	404
779	2052	404
2052	2130	404
2130	2052	404
2036	117	404
117	2036	404
2036	1638	404
1638	2036	404
2036	90	404
90	2036	404
2036	1044	404
1044	2036	404
2036	1030	404
1030	2036	404
2036	2835	404
2835	2036	404
2036	712	404
712	2036	404
2036	665	404
665	2036	404
2036	443	404
443	2036	404
2036	2334	404
2334	2036	404
992	850	2118
850	992	2118
992	1601	2118
1601	992	2118
1406	2789	902
2789	1406	902
1046	1867	176
1867	1046	176
169	1878	176
1878	169	176
169	1386	176
1386	169	176
555	2193	176
2193	555	176
2210	358	176
358	2210	176
2401	58	176
58	2401	176
2401	2674	176
2674	2401	176
2401	2461	176
2461	2401	176
2709	2720	1312
2720	2709	1312
1795	225	1250
225	1795	1250
98	2236	2180
2236	98	2180
2301	1738	2128
1738	2301	2128
1677	456	2128
456	1677	2128
992	850	1267
850	992	1267
992	877	1267
877	992	1267
992	1723	1267
1723	992	1267
1223	1633	1267
1633	1223	1267
1223	1019	1267
1019	1223	1267
1223	914	1267
914	1223	1267
1223	598	1267
598	1223	1267
1223	1877	1267
1877	1223	1267
1223	561	1267
561	1223	1267
1082	2242	1267
2242	1082	1267
1969	964	1983
964	1969	1983
1177	977	505
977	1177	505
1177	1500	505
1500	1177	505
992	877	2069
877	992	2069
992	50	1427
50	992	1427
520	1630	787
1630	520	787
1690	1510	835
1510	1690	835
1690	1925	835
1925	1690	835
1256	666	475
666	1256	475
1256	1053	475
1053	1256	475
1417	754	475
754	1417	475
2132	1511	416
1511	2132	416
2132	2318	416
2318	2132	416
1223	598	1749
598	1223	1749
1256	2068	1711
2068	1256	1711
1256	397	1711
397	1256	1711
1256	555	1711
555	1256	1711
1256	1961	1711
1961	1256	1711
1256	2374	1711
2374	1256	1711
1256	466	1711
466	1256	1711
2391	862	478
862	2391	478
889	1394	2010
1394	889	2010
1223	248	262
248	1223	262
1726	2415	1293
2415	1726	1293
780	926	1293
926	780	1293
2075	2108	1293
2108	2075	1293
2002	1440	1293
1440	2002	1293
2002	1435	1293
1435	2002	1293
1673	2566	1293
2566	1673	1293
504	1696	1293
1696	504	1293
868	2651	1293
2651	868	1293
868	451	1293
451	868	1293
1223	2442	597
2442	1223	597
1223	2640	597
2640	1223	597
1223	1306	2035
1306	1223	2035
240	568	448
568	240	448
764	983	724
983	764	724
822	2791	724
2791	822	724
1223	248	724
248	1223	724
1223	1149	724
1149	1223	724
2468	227	724
227	2468	724
592	767	724
767	592	724
592	100	724
100	592	724
179	1105	724
1105	179	724
992	50	803
50	992	803
992	850	1290
850	992	1290
1223	2442	1323
2442	1223	1323
1700	864	614
864	1700	614
2727	2730	1634
2730	2727	1634
1690	844	1368
844	1690	1368
1690	2052	1368
2052	1690	1368
1690	1920	1368
1920	1690	1368
270	448	1368
448	270	1368
313	2041	2092
2041	313	2092
313	623	2092
623	313	2092
313	454	2092
454	313	2092
313	2050	2092
2050	313	2092
313	2049	2092
2049	313	2092
313	1189	2092
1189	313	2092
313	602	2092
602	313	2092
313	2634	2092
2634	313	2092
313	2829	2092
2829	313	2092
1683	85	2092
85	1683	2092
1683	2193	2092
2193	1683	2092
681	1964	2092
1964	681	2092
1184	2007	2092
2007	1184	2092
179	791	2092
791	179	2092
1690	1510	55
1510	1690	55
1233	2647	1846
2647	1233	1846
2381	1080	643
1080	2381	643
2469	1116	1775
1116	2469	1775
2320	333	39
333	2320	39
1675	457	853
457	1675	853
963	2668	853
2668	963	853
2821	1348	853
1348	2821	853
179	2034	853
2034	179	853
127	1234	853
1234	127	853
1960	1766	853
1766	1960	853
642	2450	213
2450	642	213
1223	287	1471
287	1223	1471
2745	2777	1906
2777	2745	1906
1223	438	1329
438	1223	1329
1223	2467	1329
2467	1223	1329
2821	1348	43
1348	2821	43
1729	2318	2291
2318	1729	2291
992	850	1019
850	992	1019
71	866	471
866	71	471
71	2498	471
2498	71	471
98	2236	1580
2236	98	1580
1690	1925	993
1925	1690	993
992	152	993
152	992	993
992	2026	993
2026	992	993
2210	1983	993
1983	2210	993
1675	1501	156
1501	1675	156
1223	1717	102
1717	1223	102
1223	165	102
165	1223	102
1223	561	102
561	1223	102
992	850	102
850	992	102
992	850	342
850	992	342
1729	272	342
272	1729	342
1774	2423	342
2423	1774	342
1690	2797	2270
2797	1690	2270
1919	1923	900
1923	1919	900
992	877	999
877	992	999
992	850	1826
850	992	1826
2337	471	1826
471	2337	1826
2337	930	1826
930	2337	1826
1223	1019	159
1019	1223	159
1223	499	159
499	1223	159
1775	1860	1835
1860	1775	1835
2353	1493	446
1493	2353	446
1729	840	446
840	1729	446
2702	2487	446
2487	2702	446
2052	929	1404
929	2052	1404
127	1153	1404
1153	127	1404
1795	1530	622
1530	1795	622
2697	1574	622
1574	2697	622
1881	122	622
122	1881	622
1259	1627	725
1627	1259	725
1223	2574	1005
2574	1223	1005
1223	914	1005
914	1223	1005
1223	1828	1005
1828	1223	1005
1223	2233	1005
2233	1223	1005
1223	561	1005
561	1223	1005
1223	1258	1005
1258	1223	1005
992	1100	1005
1100	992	1005
179	582	1005
582	179	1005
179	2263	1005
2263	179	1005
179	2307	1005
2307	179	1005
2735	275	1005
275	2735	1005
2735	1527	1005
1527	2735	1005
1690	1404	1005
1404	1690	1005
1223	1606	1626
1606	1223	1626
2821	1348	1626
1348	2821	1626
1531	1383	1571
1383	1531	1571
1915	439	1568
439	1915	1568
520	1630	1595
1630	520	1595
1881	1269	1595
1269	1881	1595
452	524	1012
524	452	1012
2065	1423	1272
1423	2065	1272
2006	199	1191
199	2006	1191
2006	1320	1191
1320	2006	1191
2480	2761	2261
2761	2480	2261
2421	1189	1679
1189	2421	1679
1223	200	1196
200	1223	1196
520	1630	100
1630	520	100
1223	1455	995
1455	1223	995
461	2665	995
2665	461	995
461	1229	995
1229	461	995
461	1412	995
1412	461	995
2391	862	995
862	2391	995
2681	160	995
160	2681	995
1746	1691	1318
1691	1746	1318
1729	1767	351
1767	1729	351
992	2153	82
2153	992	82
2130	2067	82
2067	2130	82
1729	2747	82
2747	1729	82
1223	438	704
438	1223	704
1223	2233	704
2233	1223	704
1445	459	704
459	1445	704
179	1095	1015
1095	179	1015
2587	618	1015
618	2587	1015
520	1630	1418
1630	520	1418
179	582	2232
582	179	2232
992	850	1792
850	992	1792
1690	429	1792
429	1690	1792
2751	1259	1659
1259	2751	1659
2751	1762	1659
1762	2751	1659
2068	1805	1659
1805	2068	1659
2068	1537	1659
1537	2068	1659
2068	1972	1659
1972	2068	1659
1575	1878	177
1878	1575	177
555	2533	177
2533	555	177
1178	386	1921
386	1178	1921
1223	1877	193
1877	1223	193
992	832	908
832	992	908
179	2693	1043
2693	179	1043
1775	1860	2121
1860	1775	2121
2587	618	1097
618	2587	1097
641	1347	498
1347	641	498
1223	889	498
889	1223	498
1228	322	498
322	1228	498
94	66	498
66	94	498
992	1376	498
1376	992	498
1690	693	498
693	1690	498
1677	456	498
456	1677	498
1694	2674	1164
2674	1694	1164
2421	1104	439
1104	2421	439
2421	1770	439
1770	2421	439
2421	1673	439
1673	2421	439
71	1584	439
1584	71	439
780	1077	439
1077	780	439
1673	2401	439
2401	1673	439
1673	1196	439
1196	1673	439
1184	1584	508
1584	1184	508
452	680	78
680	452	78
2677	2520	78
2520	2677	78
463	206	1214
206	463	1214
1223	684	1214
684	1223	1214
2164	1333	1214
1333	2164	1214
179	2692	1214
2692	179	1214
1931	58	2282
58	1931	2282
1931	1627	2282
1627	1931	2282
1931	2566	2282
2566	1931	2282
69	2237	233
2237	69	233
69	1184	233
1184	69	233
69	681	233
681	69	233
69	1390	233
1390	69	233
69	1627	233
1627	69	233
69	1259	233
1259	69	233
397	21	233
21	397	233
2786	1894	233
1894	2786	233
2416	1367	131
1367	2416	131
746	1076	131
1076	746	131
746	1319	131
1319	746	131
746	1104	131
1104	746	131
746	222	131
222	746	131
746	1259	131
1259	746	131
746	194	131
194	746	131
746	237	131
237	746	131
746	1609	131
1609	746	131
746	58	131
58	746	131
746	2318	131
2318	746	131
746	2315	131
2315	746	131
179	1095	131
1095	179	131
179	582	131
582	179	131
1930	2472	131
2472	1930	131
1295	1124	131
1124	1295	131
1690	2405	131
2405	1690	131
15	1728	131
1728	15	131
15	640	131
640	15	131
15	2237	131
2237	15	131
992	850	2233
850	992	2233
992	1660	2233
1660	992	2233
1223	1250	1356
1250	1223	1356
793	1643	694
1643	793	694
2533	870	1851
870	2533	1851
2533	1694	1851
1694	2533	1851
2533	747	1851
747	2533	1851
1011	465	1851
465	1011	1851
1011	1196	1851
1196	1011	1851
1011	1931	1851
1931	1011	1851
1011	1708	1851
1708	1011	1851
2469	44	341
44	2469	341
461	1412	341
1412	461	341
2508	291	1902
291	2508	1902
2508	224	1902
224	2508	1902
2508	683	626
683	2508	626
1223	1218	2173
1218	1223	2173
193	180	593
180	193	593
2293	1034	1650
1034	2293	1650
1746	593	223
593	1746	223
1223	2804	223
2804	1223	223
992	2608	865
2608	992	865
1223	1877	865
1877	1223	865
1795	1530	1964
1530	1795	1964
1378	2572	1796
2572	1378	1796
2702	2281	1796
2281	2702	1796
992	41	1796
41	992	1796
461	1412	1796
1412	461	1796
1223	1877	1796
1877	1223	1796
313	1516	1796
1516	313	1796
179	1095	1796
1095	179	1796
1690	2481	1796
2481	1690	1796
1690	1388	1796
1388	1690	1796
1690	1404	1796
1404	1690	1796
2469	989	195
989	2469	195
2136	1212	195
1212	2136	195
1367	2416	195
2416	1367	195
2767	1765	1248
1765	2767	1248
1894	2729	314
2729	1894	314
1894	326	314
326	1894	314
1223	1455	1349
1455	1223	1349
1690	2481	1349
2481	1690	1349
1729	929	1535
929	1729	1535
373	1853	333
1853	373	333
127	1153	2268
1153	127	2268
169	1414	75
1414	169	75
435	1200	75
1200	435	75
71	533	75
533	71	75
1184	2748	1648
2748	1184	1648
1184	681	1648
681	1184	1648
983	764	2127
764	983	2127
520	1630	1442
1630	520	1442
1690	1404	507
1404	1690	507
1638	2416	668
2416	1638	668
1638	90	668
90	1638	668
1638	2097	668
2097	1638	668
793	1643	1694
1643	793	1694
2169	510	49
510	2169	49
1690	1404	49
1404	1690	49
2416	1367	2054
1367	2416	2054
2587	618	2246
618	2587	2246
1729	929	2246
929	1729	2246
746	747	1182
747	746	1182
746	681	1182
681	746	1182
746	741	1182
741	746	1182
746	2318	1182
2318	746	1182
746	1436	1182
1436	746	1182
1223	2442	786
2442	1223	786
1690	1388	786
1388	1690	786
2677	1485	786
1485	2677	786
2729	1878	2186
1878	2729	2186
2729	1386	2186
1386	2729	2186
2544	1294	2062
1294	2544	2062
2495	763	2062
763	2495	2062
2495	2116	2062
2116	2495	2062
68	760	1926
760	68	1926
1223	1258	2067
1258	1223	2067
1375	315	1491
315	1375	1491
377	635	575
635	377	575
2052	929	1023
929	2052	1023
2421	856	1912
856	2421	1912
2421	1222	1912
1222	2421	1912
2421	1673	1912
1673	2421	1912
2421	746	1912
746	2421	1912
1729	929	132
929	1729	132
1536	1407	208
1407	1536	208
1209	989	1793
989	1209	1793
1223	1893	549
1893	1223	549
1223	2037	549
2037	1223	549
1223	561	549
561	1223	549
857	511	1868
511	857	1868
1775	1397	1868
1397	1775	1868
1223	1466	834
1466	1223	834
1223	1893	834
1893	1223	834
1223	2442	834
2442	1223	834
1223	912	834
912	1223	834
1223	1285	834
1285	1223	834
1223	162	834
162	1223	834
1223	499	834
499	1223	834
857	2540	834
2540	857	834
1223	1019	1139
1019	1223	1139
1040	1032	1139
1032	1040	1139
123	2362	862
2362	123	862
1223	248	1966
248	1223	1966
857	2352	72
2352	857	72
746	688	2151
688	746	2151
1129	2137	2151
2137	1129	2151
1129	2402	2151
2402	1129	2151
2394	1417	2151
1417	2394	2151
2394	234	2151
234	2394	2151
255	1799	2151
1799	255	2151
992	1422	2158
1422	992	2158
1676	1745	1993
1745	1676	1993
1223	1877	91
1877	1223	91
1690	429	91
429	1690	91
1690	1388	91
1388	1690	91
1690	1404	91
1404	1690	91
126	2274	872
2274	126	872
126	273	872
273	126	872
126	2212	872
2212	126	872
126	695	872
695	126	872
126	1696	872
1696	126	872
625	869	872
869	625	872
625	1278	872
1278	625	872
2675	918	783
918	2675	783
2677	600	783
600	2677	783
1223	889	693
889	1223	693
1223	1088	693
1088	1223	693
1026	838	693
838	1026	693
435	9	693
9	435	693
1177	5	693
5	1177	693
2777	2745	693
2745	2777	693
1192	1055	693
1055	1192	693
449	11	693
11	449	693
149	1402	693
1402	149	693
1690	429	693
429	1690	693
2677	2168	693
2168	2677	693
1223	2804	1795
2804	1223	1795
1223	1149	1795
1149	1223	1795
179	120	1977
120	179	1977
992	1954	1977
1954	992	1977
992	41	1977
41	992	1977
992	1210	1977
1210	992	1977
570	1495	1223
1495	570	1223
1223	2233	1087
2233	1223	1087
992	1376	1087
1376	992	1087
992	1422	1087
1422	992	1087
992	1660	1087
1660	992	1087
1955	2816	207
2816	1955	207
2587	618	1283
618	2587	1283
1223	1285	95
1285	1223	95
452	524	1161
524	452	1161
452	686	1161
686	452	1161
69	443	2025
443	69	2025
69	747	2025
747	69	2025
69	2237	2025
2237	69	2025
69	288	2025
288	69	2025
69	2097	2025
2097	69	2025
69	2334	2025
2334	69	2025
69	1072	2025
1072	69	2025
69	1673	2025
1673	69	2025
69	232	2025
232	69	2025
69	2472	2025
2472	69	2025
69	1578	2025
1578	69	2025
69	215	2025
215	69	2025
69	2835	2025
2835	69	2025
2194	1352	1629
1352	2194	1629
2194	2598	1629
2598	2194	1629
1184	69	99
69	1184	99
1184	809	99
809	1184	99
2616	2672	99
2672	2616	99
2230	1363	123
1363	2230	123
193	519	594
519	193	594
193	1121	594
1121	193	594
1104	180	594
180	1104	594
2677	1139	1231
1139	2677	1231
2677	2383	1231
2383	2677	1231
2677	1485	1231
1485	2677	1231
2677	819	1231
819	2677	1231
1223	2804	2294
2804	1223	2294
1223	413	851
413	1223	851
1223	914	851
914	1223	851
1729	1083	851
1083	1729	851
1690	2405	851
2405	1690	851
2674	1119	851
1119	2674	851
304	2144	532
2144	304	532
1223	438	58
438	1223	58
461	1412	58
1412	461	58
149	2376	58
2376	149	58
1223	1633	2036
1633	1223	2036
1223	2442	2036
2442	1223	2036
71	1057	729
1057	71	729
1223	248	729
248	1223	729
992	850	729
850	992	729
992	1376	729
1376	992	729
1690	2481	2275
2481	1690	2275
1690	1925	2275
1925	1690	2275
1690	1404	2275
1404	1690	2275
1223	561	1154
561	1223	1154
1223	526	1154
526	1223	1154
1223	491	1154
491	1223	1154
2345	1592	1154
1592	2345	1154
2345	685	1154
685	2345	1154
845	638	1154
638	845	1154
1690	521	1430
521	1690	1430
71	1447	1824
1447	71	1824
451	741	1824
741	451	1824
451	2651	1824
2651	451	1824
451	513	1824
513	451	1824
451	2421	1824
2421	451	1824
451	1008	1824
1008	451	1824
451	1351	1824
1351	451	1824
451	1440	1824
1440	451	1824
1209	852	1824
852	1209	1824
1209	2439	1824
2439	1209	1824
1209	868	1824
868	1209	1824
1209	626	1824
626	1209	1824
1209	441	1824
441	1209	1824
179	1084	1824
1084	179	1824
179	841	1824
841	179	1824
179	1955	1824
1955	179	1824
2786	2544	1824
2544	2786	1824
2786	451	1824
451	2786	1824
1084	909	1824
909	1084	1824
2003	1521	1271
1521	2003	1271
1192	2694	1285
2694	1192	1285
1192	1311	1285
1311	1192	1285
1223	951	1285
951	1223	1285
1177	681	1285
681	1177	1285
680	2127	1093
2127	680	1093
680	28	1093
28	680	1093
1223	1453	2032
1453	1223	2032
1223	248	2032
248	1223	2032
1333	2164	2288
2164	1333	2288
1677	456	962
456	1677	962
270	2796	1845
2796	270	1845
1643	793	365
793	1643	365
452	680	346
680	452	346
2702	2487	346
2487	2702	346
149	297	84
297	149	84
1223	200	84
200	1223	84
1223	2804	84
2804	1223	84
2003	1043	567
1043	2003	567
2694	1943	567
1943	2694	567
1223	165	806
165	1223	806
2757	785	806
785	2757	806
2757	1182	806
1182	2757	806
1690	521	806
521	1690	806
1378	2572	2110
2572	1378	2110
274	1125	1257
1125	274	1257
569	2717	1257
2717	569	1257
1223	438	1175
438	1223	1175
992	850	319
850	992	319
992	1954	319
1954	992	319
992	2608	319
2608	992	319
2003	1138	756
1138	2003	756
1223	1466	735
1466	1223	735
688	2779	1396
2779	688	1396
569	2717	2254
2717	569	2254
2416	2565	241
2565	2416	241
2416	117	241
117	2416	241
2416	18	241
18	2416	241
2416	1798	241
1798	2416	241
2416	712	241
712	2416	241
2523	2075	241
2075	2523	241
2786	1237	241
1237	2786	241
313	1125	2125
1125	313	2125
169	213	2125
213	169	2125
2059	1011	2125
1011	2059	2125
1575	1573	2125
1573	1575	2125
1575	326	2125
326	1575	2125
1575	2455	2125
2455	1575	2125
1931	2401	2125
2401	1931	2125
1931	2510	2125
2510	1931	2125
1931	2059	2125
2059	1931	2125
2532	2119	2125
2119	2532	2125
2532	2416	2125
2416	2532	2125
2532	69	2125
69	2532	2125
2532	421	2125
421	2532	2125
2532	995	2125
995	2532	2125
2532	1763	2125
1763	2532	2125
1223	914	198
914	1223	198
992	850	198
850	992	198
992	1376	198
1376	992	198
1223	371	1773
371	1223	1773
179	1095	1980
1095	179	1980
638	845	271
845	638	271
1225	2345	271
2345	1225	271
1119	246	2250
246	1119	2250
1119	2513	2250
2513	1119	2250
1119	2510	2250
2510	1119	2250
1119	2059	2250
2059	1119	2250
1119	61	2250
61	1119	2250
992	41	927
41	992	927
1119	712	770
712	1119	770
1119	1929	770
1929	1119	770
1119	651	770
651	1119	770
1119	1640	770
1640	1119	770
1119	1708	770
1708	1119	770
1119	213	770
213	1119	770
1119	2674	770
2674	1119	770
2421	940	770
940	2421	770
2421	357	770
357	2421	770
2421	2548	770
2548	2421	770
2421	1940	770
1940	2421	770
2421	1653	770
1653	2421	770
2421	2387	770
2387	2421	770
2421	144	770
144	2421	770
2421	259	770
259	2421	770
2421	2523	770
2523	2421	770
2421	1410	770
1410	2421	770
2421	1696	770
1696	2421	770
2421	1511	770
1511	2421	770
2421	883	770
883	2421	770
2421	753	770
753	2421	770
2619	382	770
382	2619	770
2619	1056	770
1056	2619	770
1708	2059	770
2059	1708	770
1729	1524	293
1524	1729	293
1972	804	293
804	1972	293
442	1006	1760
1006	442	1760
1729	2747	297
2747	1729	297
1223	1285	1407
1285	1223	1407
1531	1383	2143
1383	1531	2143
169	2480	1832
2480	169	1832
169	2376	1832
2376	169	1832
169	1255	1832
1255	169	1832
227	2468	1474
2468	227	1474
179	582	1474
582	179	1474
179	2692	1474
2692	179	1474
1457	581	625
581	1457	625
2587	618	114
618	2587	114
1223	2804	114
2804	1223	114
179	120	339
120	179	339
442	240	339
240	442	339
149	2347	339
2347	149	339
1640	2059	339
2059	1640	339
2677	138	339
138	2677	339
452	680	339
680	452	339
1223	413	339
413	1223	339
1223	1606	339
1606	1223	339
179	2693	304
2693	179	304
58	1351	304
1351	58	304
1690	1551	304
1551	1690	304
1690	1404	304
1404	1690	304
2546	1573	304
1573	2546	304
1223	2442	304
2442	1223	304
1223	2233	304
2233	1223	304
1223	1258	304
1258	1223	304
1223	491	304
491	1223	304
1527	2515	1009
2515	1527	1009
71	1658	979
1658	71	979
1690	1388	338
1388	1690	338
1690	1510	338
1510	1690	338
1690	2409	338
2409	1690	338
1881	1681	338
1681	1881	338
1881	1269	338
1269	1881	338
560	2723	338
2723	560	338
1223	1877	338
1877	1223	338
1223	561	338
561	1223	338
992	1100	338
1100	992	338
992	850	338
850	992	338
992	1954	338
1954	992	338
992	877	338
877	992	338
992	832	338
832	992	338
2206	1253	338
1253	2206	338
1223	1877	720
1877	1223	720
1378	2572	733
2572	1378	733
488	2324	1978
2324	488	1978
992	152	989
152	992	989
337	1043	957
1043	337	957
452	680	2093
680	452	2093
290	874	69
874	290	69
452	1996	69
1996	452	69
1642	2113	69
2113	1642	69
2210	2588	69
2588	2210	69
2210	1864	69
1864	2210	69
2210	1322	69
1322	2210	69
2421	1222	69
1222	2421	69
2421	2514	69
2514	2421	69
2421	69	69
69	2421	69
2421	1726	69
1726	2421	69
2421	1459	69
1459	2421	69
2421	1189	69
1189	2421	69
2421	1673	69
1673	2421	69
2421	707	69
707	2421	69
2421	451	69
451	2421	69
2421	2002	69
2002	2421	69
2066	404	69
404	2066	69
518	2308	69
2308	518	69
2316	2193	69
2193	2316	69
820	393	69
393	820	69
820	514	69
514	820	69
857	2352	69
2352	857	69
992	850	69
850	992	69
992	1954	69
1954	992	69
992	877	69
877	992	69
992	2608	69
2608	992	69
992	832	69
832	992	69
992	41	69
41	992	69
992	1422	69
1422	992	69
992	1210	69
1210	992	69
2752	652	69
652	2752	69
2752	2248	69
2248	2752	69
843	2232	69
2232	843	69
843	36	69
36	843	69
843	1413	69
1413	843	69
763	590	69
590	763	69
763	1549	69
1549	763	69
763	1773	69
1773	763	69
763	2050	69
2050	763	69
746	1609	69
1609	746	69
1729	1083	69
1083	1729	69
1729	241	69
241	1729	69
1223	248	42
248	1223	42
1223	912	42
912	1223	42
1223	438	42
438	1223	42
1223	2037	42
2037	1223	42
158	786	42
786	158	42
2003	2172	42
2172	2003	42
1809	2103	42
2103	1809	42
2498	2318	42
2318	2498	42
1690	1748	42
1748	1690	42
857	243	42
243	857	42
992	850	42
850	992	42
452	680	538
680	452	538
1223	2574	93
2574	1223	93
1223	684	93
684	1223	93
1223	413	93
413	1223	93
1223	2804	93
2804	1223	93
1223	287	93
287	1223	93
1223	2504	93
2504	1223	93
1223	1149	93
1149	1223	93
1223	499	93
499	1223	93
1035	1562	93
1562	1035	93
992	41	93
41	992	93
2587	618	1106
618	2587	1106
452	524	1874
524	452	1874
2702	2281	1874
2281	2702	1874
592	767	1771
767	592	1771
1177	5	1771
5	1177	1771
822	2791	1363
2791	822	1363
1223	912	1363
912	1223	1363
838	1026	859
1026	838	859
1643	793	216
793	1643	216
179	2287	2116
2287	179	2116
1223	1899	2116
1899	1223	2116
1223	914	2116
914	1223	2116
98	2236	2116
2236	98	2116
583	2012	2116
2012	583	2116
71	239	2116
239	71	2116
2587	618	2116
618	2587	2116
69	2565	2116
2565	69	2116
778	763	2116
763	778	2116
2735	2540	1266
2540	2735	1266
1994	437	1901
437	1994	1901
2838	200	892
200	2838	892
179	314	1877
314	179	1877
1690	1236	1742
1236	1690	1742
2421	626	1742
626	2421	1742
857	1215	62
1215	857	62
373	1290	62
1290	373	62
520	1630	62
1630	520	62
1881	122	62
122	1881	62
2786	2806	564
2806	2786	564
179	1103	564
1103	179	564
179	895	564
895	179	564
179	844	564
844	179	564
179	2307	564
2307	179	564
179	2651	564
2651	179	564
1642	278	564
278	1642	564
1642	222	564
222	1642	564
1223	1455	572
1455	1223	572
1405	2610	572
2610	1405	572
1690	1551	572
1551	1690	572
1931	1627	1095
1627	1931	1095
857	1926	311
1926	857	311
992	850	9
850	992	9
992	1954	9
1954	992	9
452	680	9
680	452	9
179	2034	2148
2034	179	2148
2468	227	2148
227	2468	2148
452	634	2148
634	452	2148
452	680	2148
680	452	2148
1223	491	789
491	1223	789
2012	583	1428
583	2012	1428
2469	1209	328
1209	2469	328
2469	1951	328
1951	2469	328
1690	1404	328
1404	1690	328
1666	69	328
69	1666	328
1375	315	1391
315	1375	1391
71	866	1391
866	71	1391
71	1375	1391
1375	71	1391
71	2694	1391
2694	71	1391
71	1430	1391
1430	71	1391
71	2480	1391
2480	71	1391
85	1011	186
1011	85	186
2301	1648	203
1648	2301	203
889	1394	203
1394	889	203
2316	679	203
679	2316	203
592	767	1988
767	592	1988
1775	1397	1988
1397	1775	1988
857	1215	66
1215	857	66
1223	1258	66
1258	1223	66
2821	1348	66
1348	2821	66
1690	2409	66
2409	1690	66
1690	1404	66
1404	1690	66
1690	2797	754
2797	1690	754
1690	1404	754
1404	1690	754
2076	2515	248
2515	2076	248
2076	1205	248
1205	2076	248
2200	2443	248
2443	2200	248
2458	1122	248
1122	2458	248
2458	60	248
60	2458	248
2458	1484	248
1484	2458	248
2458	2696	248
2696	2458	248
2458	1504	248
1504	2458	248
2458	1670	248
1670	2458	248
2458	2200	248
2200	2458	248
2458	746	248
746	2458	248
2829	236	248
236	2829	248
2116	382	248
382	2116	248
606	382	248
382	606	248
606	2116	248
2116	606	248
1690	1130	248
1130	1690	248
1690	1920	248
1920	1690	248
1690	790	248
790	1690	248
1928	1463	248
1463	1928	248
1125	841	248
841	1125	248
1511	1217	248
1217	1511	248
1294	1104	248
1104	1294	248
1781	1121	248
1121	1781	248
270	729	422
729	270	422
270	730	422
730	270	422
270	1506	422
1506	270	422
270	1047	422
1047	270	422
1125	2143	422
2143	1125	422
272	1311	1923
1311	272	1923
1729	1389	1923
1389	1729	1923
1729	272	1923
272	1729	1923
2484	2221	306
2221	2484	306
179	120	850
120	179	850
2313	1520	1344
1520	2313	1344
1690	2481	2247
2481	1690	2247
1690	1404	2247
1404	1690	2247
1690	1925	22
1925	1690	22
1223	2804	2220
2804	1223	2220
2193	1319	246
1319	2193	246
2193	2052	246
2052	2193	246
2193	398	246
398	2193	246
2193	2318	246
2318	2193	246
2193	870	246
870	2193	246
2193	2674	246
2674	2193	246
2193	2374	246
2374	2193	246
2193	2075	246
2075	2193	246
2786	941	246
941	2786	246
2786	255	246
255	2786	246
2786	666	246
666	2786	246
2786	157	246
157	2786	246
2786	1336	246
1336	2786	246
1223	413	246
413	1223	246
1223	914	246
914	1223	246
1223	438	246
438	1223	246
1223	1285	246
1285	1223	246
1223	808	246
808	1223	246
1223	442	246
442	1223	246
179	1095	246
1095	179	246
179	582	246
582	179	246
179	2319	246
2319	179	246
69	969	246
969	69	246
69	90	246
90	69	246
69	2036	246
2036	69	246
69	2029	246
2029	69	246
69	747	246
747	69	246
69	712	246
712	69	246
69	288	246
288	69	246
69	18	246
18	69	246
69	2019	246
2019	69	246
69	2278	246
2278	69	246
69	1764	246
1764	69	246
69	2475	246
2475	69	246
69	2835	246
2835	69	246
1960	988	246
988	1960	246
1960	880	246
880	1960	246
1638	2416	1924
2416	1638	1924
1223	1455	2104
1455	1223	2104
2350	1604	1371
1604	2350	1371
2743	414	1371
414	2743	1371
179	1095	379
1095	179	379
963	2668	1919
2668	963	1919
2066	1951	703
1951	2066	703
951	944	97
944	951	97
1119	1912	321
1912	1119	321
889	1394	321
1394	889	321
1802	722	438
722	1802	438
98	2236	438
2236	98	438
1690	1404	438
1404	1690	438
763	1805	825
1805	763	825
992	41	1890
41	992	1890
179	1105	44
1105	179	44
1690	617	2223
617	1690	2223
1690	1388	2223
1388	1690	2223
1223	284	1108
284	1223	1108
1223	992	1108
992	1223	1108
461	2665	716
2665	461	716
1979	654	716
654	1979	716
1223	1285	688
1285	1223	688
1057	71	1801
71	1057	1801
2068	1694	2068
1694	2068	2068
1223	2838	2068
2838	1223	2068
2401	2193	2068
2193	2401	2068
857	2540	299
2540	857	299
857	2540	10
2540	857	10
1690	1388	10
1388	1690	10
1002	2530	10
2530	1002	10
290	874	1426
874	290	1426
1223	413	1426
413	1223	1426
1223	1019	1426
1019	1223	1426
1223	438	1426
438	1223	1426
1223	808	1426
808	1223	1426
1223	371	1426
371	1223	1426
1223	1258	8
1258	1223	8
992	1954	8
1954	992	8
992	2153	8
2153	992	8
442	240	8
240	442	8
1729	2664	8
2664	1729	8
1775	1860	8
1860	1775	8
1223	2558	915
2558	1223	915
992	877	915
877	992	915
452	634	1201
634	452	1201
992	850	1201
850	992	1201
71	1057	1431
1057	71	1431
1223	1453	1021
1453	1223	1021
1223	248	1021
248	1223	1021
1223	1877	1021
1877	1223	1021
1223	2233	1021
2233	1223	1021
1223	526	1021
526	1223	1021
857	2540	1021
2540	857	1021
1690	1404	1021
1404	1690	1021
1223	2838	497
2838	1223	497
1223	1466	52
1466	1223	52
1223	499	52
499	1223	52
2677	1438	52
1438	2677	52
1774	2423	52
2423	1774	52
1223	1560	684
1560	1223	684
2421	652	673
652	2421	673
91	2056	673
2056	91	673
91	1205	673
1205	91	673
91	973	673
973	91	673
1223	2233	302
2233	1223	302
1223	1258	302
1258	1223	302
992	850	302
850	992	302
992	1954	302
1954	992	302
992	2608	302
2608	992	302
992	1210	302
1210	992	302
2601	1221	302
1221	2601	302
1223	1877	1127
1877	1223	1127
2230	1363	1127
1363	2230	1127
1223	1606	59
1606	1223	59
1223	1250	59
1250	1223	59
2800	2249	1328
2249	2800	1328
1690	1404	363
1404	1690	363
2016	1689	60
1689	2016	60
2357	736	60
736	2357	60
1223	684	60
684	1223	60
1223	914	60
914	1223	60
1223	912	60
912	1223	60
1223	1394	60
1394	1223	60
1223	1168	60
1168	1223	60
1875	1987	1107
1987	1875	1107
1177	2755	35
2755	1177	35
2210	1322	35
1322	2210	35
1530	1400	35
1400	1530	35
71	114	35
114	71	35
71	1243	35
1243	71	35
889	1394	35
1394	889	35
1223	1258	35
1258	1223	35
1677	300	35
300	1677	35
1690	429	35
429	1690	35
1690	1748	35
1748	1690	35
1690	2481	35
2481	1690	35
778	1375	1934
1375	778	1934
778	1728	1934
1728	778	1934
778	179	1934
179	778	1934
778	2307	1934
2307	778	1934
778	1043	1934
1043	778	1934
778	2416	1934
2416	778	1934
778	626	1934
626	778	1934
778	1561	1934
1561	778	1934
1375	446	1934
446	1375	1934
2003	58	1934
58	2003	1934
2003	1802	1934
1802	2003	1934
2689	2432	1934
2432	2689	1934
2821	1348	157
1348	2821	157
1223	1455	157
1455	1223	157
1223	2504	157
2504	1223	157
1223	499	157
499	1223	157
2618	2401	633
2401	2618	633
2239	1329	54
1329	2239	54
179	582	54
582	179	54
179	2693	54
2693	179	54
2003	2268	54
2268	2003	54
1223	331	54
331	1223	54
1223	1455	54
1455	1223	54
1223	1466	54
1466	1223	54
1223	1893	54
1893	1223	54
1223	1899	54
1899	1223	54
1223	413	54
413	1223	54
1223	1019	54
1019	1223	54
1223	914	54
914	1223	54
1223	912	54
912	1223	54
1223	2037	54
2037	1223	54
1223	2804	54
2804	1223	54
1223	808	54
808	1223	54
1223	162	54
162	1223	54
1223	1149	54
1149	1223	54
1223	1250	54
1250	1223	54
1223	1258	54
1258	1223	54
1223	491	54
491	1223	54
1223	499	54
499	1223	54
1223	371	54
371	1223	54
98	2236	54
2236	98	54
1690	617	54
617	1690	54
1690	1388	54
1388	1690	54
1690	2409	54
2409	1690	54
1690	1925	54
1925	1690	54
592	767	54
767	592	54
1082	2242	1030
2242	1082	1030
2727	2730	1855
2730	2727	1855
2702	2487	2215
2487	2702	2215
452	680	2215
680	452	2215
1223	561	2251
561	1223	2251
2052	929	1492
929	2052	1492
1223	1455	33
1455	1223	33
1223	1019	33
1019	1223	33
1223	561	33
561	1223	33
1223	491	33
491	1223	33
992	337	33
337	992	33
1002	1445	33
1445	1002	33
2052	929	848
929	2052	848
1802	681	2176
681	1802	2176
1802	828	2176
828	1802	2176
1802	973	2176
973	1802	2176
1802	2651	2176
2651	1802	2176
1802	778	2176
778	1802	2176
843	451	2176
451	843	2176
843	1242	2176
1242	843	2176
843	1929	2176
1929	843	2176
843	1237	2176
1237	843	2176
843	2439	2176
2439	843	2176
2056	2439	2176
2439	2056	2176
2056	1184	2176
1184	2056	2176
20	274	2176
274	20	2176
2315	1125	2176
1125	2315	2176
1930	2763	2176
2763	1930	2176
2510	1351	2176
1351	2510	2176
2510	843	2176
843	2510	2176
158	929	303
929	158	303
1729	929	303
929	1729	303
2829	236	380
236	2829	380
763	2075	380
2075	763	380
1447	1243	380
1243	1447	380
236	1673	380
1673	236	380
1690	2228	380
2228	1690	380
193	1120	380
1120	193	380
2547	1493	380
1493	2547	380
2547	2523	380
2523	2547	380
2547	1110	380
1110	2547	380
2547	1385	380
1385	2547	380
2547	1525	380
1525	2547	380
1931	1196	380
1196	1931	380
843	868	380
868	843	380
843	602	380
602	843	380
2059	30	380
30	2059	380
2677	2244	380
2244	2677	380
2510	205	380
205	2510	380
2510	2829	380
2829	2510	380
2510	2514	380
2514	2510	380
2234	2378	447
2378	2234	447
583	2012	623
2012	583	623
1990	974	1911
974	1990	1911
